exon	relative_pos_in_circle	relative_pos_in_exon	coverage
9	1	1	5
9	2	2	5
9	3	3	5
9	4	4	5
9	5	5	5
9	6	6	5
9	7	7	5
9	8	8	5
9	9	9	5
9	10	10	5
9	11	11	5
9	12	12	5
9	13	13	5
9	14	14	5
9	15	15	5
9	16	16	5
9	17	17	5
9	18	18	5
9	19	19	5
9	20	20	5
9	21	21	5
9	22	22	5
9	23	23	5
9	24	24	5
9	25	25	5
9	26	26	5
9	27	27	5
9	28	28	5
9	29	29	5
9	30	30	5
9	31	31	5
9	32	32	5
9	33	33	5
9	34	34	5
9	35	35	5
9	36	36	5
9	37	37	5
9	38	38	5
9	39	39	4
9	40	40	4
9	41	41	4
9	42	42	4
9	43	43	4
9	44	44	4
9	45	45	4
9	46	46	4
9	47	47	4
9	48	48	4
9	49	49	4
9	50	50	4
9	51	51	4
9	52	52	4
9	53	53	4
9	54	54	4
9	55	55	4
9	56	56	4
9	57	57	4
9	58	58	4
9	59	59	4
9	60	60	4
9	61	61	4
9	62	62	4
9	63	63	4
9	64	64	4
9	65	65	4
9	66	66	4
9	67	67	4
9	68	68	4
9	69	69	4
9	70	70	4
9	71	71	4
9	72	72	4
9	73	73	4
9	74	74	4
9	75	75	4
9	76	76	4
9	77	77	4
9	78	78	4
9	79	79	4
9	80	80	4
9	81	81	4
9	82	82	4
9	83	83	4
9	84	84	4
9	85	85	4
9	86	86	4
9	87	87	4
9	88	88	4
9	89	89	4
9	90	90	4
9	91	91	4
9	92	92	4
9	93	93	4
9	94	94	4
9	95	95	4
9	96	96	4
9	97	97	4
9	98	98	3
9	99	99	3
9	100	100	3
9	101	101	3
9	102	102	3
9	103	103	3
9	104	104	2
9	105	105	2
9	106	106	2
9	107	107	2
9	108	108	2
9	109	109	2
9	110	110	2
9	111	111	2
9	112	112	2
9	113	113	2
9	114	114	2
9	115	115	2
9	116	116	2
9	117	117	2
9	118	118	2
9	119	119	2
9	120	120	2
9	121	121	2
9	122	122	2
9	123	123	1
9	124	124	1
9	125	125	1
9	126	126	1
9	127	127	1
9	128	128	1
9	129	129	1
9	130	130	1
9	131	131	1
9	132	132	0
9	133	133	0
9	134	134	0
9	135	135	0
9	136	136	0
9	137	137	0
9	138	138	0
9	139	139	0
9	140	140	0
9	141	141	0
9	142	142	0
9	143	143	0
9	144	144	0
9	145	145	0
9	146	146	0
9	147	147	0
9	148	148	0
9	149	149	0
9	150	150	0
9	151	151	0
9	152	152	0
9	153	153	0
9	154	154	0
9	155	155	0
9	156	156	0
9	157	157	0
9	158	158	0
9	159	159	0
9	160	160	0
9	161	161	0
9	162	162	0
9	163	163	0
9	164	164	0
9	165	165	0
9	166	166	0
9	167	167	0
9	168	168	0
9	169	169	0
9	170	170	0
9	171	171	0
9	172	172	0
9	173	173	0
9	174	174	0
9	175	175	0
9	176	176	0
9	177	177	0
9	178	178	0
9	179	179	0
9	180	180	0
9	181	181	0
9	182	182	0
9	183	183	0
9	184	184	0
9	185	185	0
9	186	186	0
9	187	187	0
9	188	188	0
9	189	189	0
9	190	190	0
9	191	191	0
9	192	192	0
9	193	193	0
9	194	194	0
9	195	195	0
9	196	196	0
9	197	197	1
9	198	198	1
9	199	199	1
9	200	200	1
9	201	201	1
9	202	202	1
9	203	203	1
9	204	204	1
9	205	205	1
9	206	206	1
9	207	207	1
9	208	208	1
9	209	209	1
9	210	210	1
9	211	211	1
9	212	212	1
9	213	213	1
9	214	214	1
9	215	215	1
9	216	216	1
9	217	217	1
9	218	218	1
9	219	219	1
9	220	220	1
9	221	221	1
9	222	222	1
9	223	223	1
9	224	224	1
9	225	225	1
9	226	226	1
9	227	227	1
9	228	228	1
9	229	229	1
9	230	230	1
9	231	231	1
9	232	232	1
9	233	233	1
9	234	234	1
9	235	235	1
9	236	236	1
9	237	237	1
9	238	238	1
9	239	239	1
9	240	240	1
9	241	241	1
9	242	242	1
9	243	243	1
9	244	244	1
9	245	245	1
9	246	246	1
9	247	247	1
9	248	248	1
9	249	249	1
9	250	250	1
9	251	251	1
9	252	252	1
9	253	253	1
9	254	254	1
9	255	255	1
9	256	256	1
9	257	257	1
9	258	258	1
9	259	259	1
9	260	260	1
9	261	261	1
9	262	262	1
9	263	263	1
9	264	264	1
9	265	265	1
9	266	266	1
9	267	267	1
9	268	268	1
9	269	269	1
9	270	270	1
9	271	271	1
9	272	272	1
9	273	273	1
9	274	274	1
9	275	275	1
9	276	276	1
9	277	277	1
9	278	278	1
9	279	279	1
9	280	280	1
9	281	281	1
9	282	282	1
9	283	283	1
9	284	284	1
9	285	285	1
9	286	286	1
9	287	287	1
9	288	288	1
9	289	289	1
9	290	290	1
9	291	291	1
9	292	292	1
9	293	293	1
9	294	294	1
9	295	295	1
9	296	296	1
9	297	297	1
9	298	298	1
9	299	299	1
9	300	300	1
9	301	301	1
9	302	302	1
9	303	303	1
9	304	304	1
9	305	305	1
9	306	306	1
9	307	307	1
9	308	308	1
9	309	309	1
9	310	310	1
9	311	311	1
9	312	312	1
9	313	313	1
9	314	314	1
9	315	315	1
9	316	316	1
9	317	317	1
9	318	318	1
9	319	319	1
9	320	320	1
9	321	321	1
9	322	322	1
9	323	323	1
9	324	324	1
9	325	325	1
9	326	326	1
9	327	327	1
9	328	328	1
9	329	329	1
9	330	330	1
9	331	331	1
9	332	332	1
9	333	333	1
9	334	334	1
9	335	335	1
9	336	336	2
9	337	337	2
9	338	338	2
9	339	339	2
9	340	340	2
9	341	341	2
9	342	342	2
9	343	343	2
9	344	344	2
9	345	345	2
9	346	346	2
9	347	347	2
9	348	348	2
9	349	349	2
9	350	350	2
9	351	351	2
9	352	352	2
9	353	353	2
9	354	354	2
9	355	355	2
9	356	356	2
9	357	357	2
9	358	358	2
9	359	359	2
9	360	360	2
9	361	361	2
9	362	362	2
9	363	363	2
9	364	364	2
9	365	365	2
9	366	366	2
9	367	367	2
9	368	368	2
9	369	369	2
9	370	370	2
9	371	371	2
9	372	372	2
9	373	373	2
9	374	374	2
9	375	375	2
9	376	376	2
9	377	377	2
9	378	378	2
9	379	379	2
9	380	380	2
9	381	381	2
9	382	382	2
9	383	383	2
9	384	384	2
9	385	385	2
9	386	386	2
9	387	387	2
9	388	388	2
9	389	389	2
9	390	390	2
9	391	391	2
9	392	392	2
9	393	393	2
9	394	394	2
9	395	395	2
9	396	396	2
9	397	397	2
9	398	398	2
9	399	399	2
9	400	400	2
9	401	401	2
9	402	402	2
9	403	403	2
9	404	404	2
9	405	405	2
9	406	406	2
9	407	407	2
9	408	408	2
9	409	409	2
9	410	410	2
9	411	411	2
9	412	412	2
9	413	413	2
9	414	414	2
9	415	415	2
9	416	416	2
9	417	417	2
9	418	418	2
9	419	419	2
9	420	420	2
9	421	421	2
9	422	422	2
9	423	423	2
9	424	424	2
9	425	425	2
9	426	426	2
9	427	427	2
9	428	428	2
9	429	429	2
9	430	430	2
9	431	431	2
9	432	432	2
9	433	433	2
9	434	434	2
9	435	435	2
9	436	436	2
9	437	437	2
9	438	438	2
9	439	439	2
9	440	440	2
9	441	441	2
9	442	442	2
9	443	443	2
9	444	444	2
9	445	445	2
9	446	446	1
9	447	447	1
9	448	448	1
9	449	449	1
9	450	450	1
9	451	451	1
9	452	452	1
9	453	453	1
9	454	454	1
9	455	455	1
9	456	456	1
9	457	457	1
9	458	458	1
9	459	459	1
9	460	460	1
9	461	461	1
9	462	462	1
9	463	463	1
9	464	464	1
9	465	465	1
9	466	466	1
9	467	467	1
9	468	468	1
9	469	469	1
9	470	470	1
9	471	471	1
9	472	472	1
9	473	473	1
9	474	474	1
9	475	475	1
9	476	476	1
9	477	477	1
9	478	478	1
9	479	479	1
9	480	480	1
9	481	481	1
9	482	482	1
9	483	483	1
9	484	484	1
9	485	485	1
9	486	486	1
9	487	487	1
9	488	488	1
9	489	489	1
9	490	490	1
9	491	491	1
9	492	492	1
9	493	493	1
9	494	494	1
9	495	495	1
9	496	496	1
9	497	497	1
9	498	498	1
9	499	499	1
9	500	500	1
9	501	501	1
9	502	502	1
9	503	503	1
9	504	504	1
9	505	505	1
9	506	506	1
9	507	507	1
9	508	508	1
9	509	509	1
9	510	510	1
9	511	511	1
9	512	512	3
9	513	513	3
9	514	514	3
9	515	515	3
9	516	516	3
9	517	517	3
9	518	518	3
9	519	519	3
9	520	520	3
9	521	521	3
9	522	522	3
9	523	523	3
9	524	524	3
9	525	525	3
9	526	526	3
9	527	527	3
9	528	528	3
9	529	529	3
9	530	530	3
9	531	531	3
9	532	532	3
9	533	533	3
9	534	534	3
9	535	535	3
9	536	536	3
9	537	537	3
9	538	538	3
9	539	539	3
9	540	540	3
9	541	541	3
9	542	542	3
9	543	543	3
9	544	544	3
9	545	545	3
9	546	546	3
9	547	547	3
9	548	548	3
9	549	549	3
9	550	550	3
9	551	551	3
9	552	552	3
9	553	553	3
9	554	554	3
9	555	555	3
9	556	556	3
9	557	557	3
9	558	558	3
9	559	559	3
9	560	560	3
9	561	561	3
9	562	562	3
9	563	563	3
9	564	564	3
9	565	565	3
9	566	566	3
9	567	567	3
9	568	568	3
9	569	569	3
9	570	570	3
9	571	571	4
9	572	572	4
9	573	573	4
9	574	574	4
9	575	575	4
9	576	576	4
9	577	577	5
9	578	578	5
9	579	579	5
9	580	580	5
9	581	581	5
9	582	582	5
9	583	583	5
9	584	584	5
9	585	585	4
9	586	586	4
9	587	587	4
9	588	588	4
9	589	589	4
9	590	590	4
9	591	591	4
9	592	592	4
9	593	593	4
9	594	594	4
9	595	595	4
9	596	596	5
9	597	597	5
9	598	598	5
9	599	599	5
9	600	600	5
9	601	601	5
9	602	602	5
9	603	603	5
9	604	604	5
9	605	605	6
9	606	606	6
9	607	607	6
9	608	608	6
9	609	609	6
9	610	610	6
9	611	611	6
9	612	612	6
9	613	613	6
9	614	614	6
9	615	615	6
9	616	616	6
9	617	617	6
9	618	618	6
9	619	619	6
9	620	620	6
9	621	621	6
9	622	622	6
9	623	623	6
9	624	624	6
9	625	625	6
9	626	626	6
9	627	627	6
9	628	628	6
9	629	629	6
9	630	630	6
9	631	631	6
9	632	632	6
9	633	633	6
9	634	634	6
9	635	635	6
9	636	636	6
9	637	637	6
9	638	638	6
9	639	639	6
9	640	640	6
9	641	641	6
9	642	642	6
9	643	643	6
9	644	644	6
9	645	645	6
9	646	646	6
9	647	647	6
9	648	648	6
9	649	649	6
9	650	650	6
9	651	651	6
9	652	652	6
9	653	653	6
9	654	654	6
9	655	655	6
9	656	656	6
9	657	657	6
9	658	658	6
9	659	659	6
9	660	660	6
9	661	661	6
9	662	662	6
9	663	663	6
9	664	664	6
9	665	665	6
9	666	666	6
9	667	667	6
9	668	668	6
9	669	669	6
9	670	670	6
9	671	671	6
9	672	672	6
9	673	673	6
9	674	674	6
9	675	675	6
9	676	676	6
9	677	677	6
9	678	678	6
9	679	679	6
9	680	680	6
9	681	681	6
9	682	682	6
9	683	683	6
9	684	684	6
9	685	685	6
9	686	686	6
9	687	687	6
9	688	688	6
9	689	689	6
9	690	690	6
9	691	691	6
9	692	692	6
9	693	693	6
9	694	694	6
9	695	695	6
9	696	696	6
9	697	697	6
9	698	698	6
9	699	699	6
9	700	700	6
9	701	701	6
9	702	702	6
9	703	703	6
9	704	704	6
9	705	705	6
9	706	706	6
9	707	707	6
9	708	708	6
9	709	709	6
9	710	710	6
9	711	711	6
9	712	712	6
9	713	713	6
9	714	714	6
9	715	715	6
9	716	716	6
9	717	717	6
9	718	718	6
9	719	719	6
9	720	720	6
9	721	721	6
9	722	722	6
