exon	relative_pos_in_circle	relative_pos_in_exon	coverage
1	1	1	8
1	2	2	8
1	3	3	8
1	4	4	8
1	5	5	8
1	6	6	8
1	7	7	8
1	8	8	8
1	9	9	8
1	10	10	8
1	11	11	8
1	12	12	8
1	13	13	8
1	14	14	8
1	15	15	8
1	16	16	8
1	17	17	8
1	18	18	8
1	19	19	8
1	20	20	8
1	21	21	8
1	22	22	8
1	23	23	8
1	24	24	8
1	25	25	8
1	26	26	8
1	27	27	8
1	28	28	8
1	29	29	8
1	30	30	8
1	31	31	8
1	32	32	8
1	33	33	8
1	34	34	8
1	35	35	8
1	36	36	8
1	37	37	8
1	38	38	8
1	39	39	8
1	40	40	8
1	41	41	8
1	42	42	8
1	43	43	8
1	44	44	8
1	45	45	8
1	46	46	8
1	47	47	8
1	48	48	8
1	49	49	8
1	50	50	8
1	51	51	8
1	52	52	8
1	53	53	8
1	54	54	8
1	55	55	8
1	56	56	8
1	57	57	8
1	58	58	8
1	59	59	8
1	60	60	7
1	61	61	7
1	62	62	7
1	63	63	7
1	64	64	7
1	65	65	7
1	66	66	7
1	67	67	7
1	68	68	7
1	69	69	7
1	70	70	6
1	71	71	6
1	72	72	6
1	73	73	5
1	74	74	5
1	75	75	5
1	76	76	5
1	77	77	5
1	78	78	5
1	79	79	5
1	80	80	5
1	81	81	5
1	82	82	5
1	83	83	4
1	84	84	4
1	85	85	4
1	86	86	4
1	87	87	4
1	88	88	4
1	89	89	4
1	90	90	4
1	91	91	4
1	92	92	4
1	93	93	4
1	94	94	4
1	95	95	4
1	96	96	4
1	97	97	4
1	98	98	4
1	99	99	4
1	100	100	4
1	101	101	4
1	102	102	4
1	103	103	4
1	104	104	4
1	105	105	4
1	106	106	4
1	107	107	3
1	108	108	3
1	109	109	3
1	110	110	3
1	111	111	3
1	112	112	3
1	113	113	3
1	114	114	3
1	115	115	3
1	116	116	2
1	117	117	2
1	118	118	2
1	119	119	2
1	120	120	2
1	121	121	2
1	122	122	2
1	123	123	2
1	124	124	2
1	125	125	2
1	126	126	2
1	127	127	2
1	128	128	2
1	129	129	2
1	130	130	2
1	131	131	2
1	132	132	1
1	133	133	1
1	134	134	1
1	135	135	1
1	136	136	1
1	137	137	1
1	138	138	1
1	139	139	1
1	140	140	1
1	141	141	1
1	142	142	1
1	143	143	1
1	144	144	1
1	145	145	1
1	146	146	1
1	147	147	0
1	148	148	0
1	149	149	0
1	150	150	0
1	151	151	0
1	152	152	0
1	153	153	0
1	154	154	1
1	155	155	1
1	156	156	1
1	157	157	1
1	158	158	1
1	159	159	1
1	160	160	1
1	161	161	1
1	162	162	1
1	163	163	1
1	164	164	1
1	165	165	1
1	166	166	1
1	167	167	1
1	168	168	1
1	169	169	1
1	170	170	1
1	171	171	1
1	172	172	1
1	173	173	1
1	174	174	1
1	175	175	1
1	176	176	1
1	177	177	1
1	178	178	1
1	179	179	1
1	180	180	1
1	181	181	1
1	182	182	1
1	183	183	1
1	184	184	1
1	185	185	1
1	186	186	1
1	187	187	2
1	188	188	2
1	189	189	2
1	190	190	2
1	191	191	2
1	192	192	2
1	193	193	2
1	194	194	2
1	195	195	2
1	196	196	2
1	197	197	2
1	198	198	2
1	199	199	2
1	200	200	2
1	201	201	2
1	202	202	2
1	203	203	2
1	204	204	2
1	205	205	2
1	206	206	2
1	207	207	2
1	208	208	2
1	209	209	2
1	210	210	2
1	211	211	2
1	212	212	2
1	213	213	2
1	214	214	2
1	215	215	2
1	216	216	2
1	217	217	2
1	218	218	2
1	219	219	2
1	220	220	2
1	221	221	2
1	222	222	2
1	223	223	2
1	224	224	2
1	225	225	2
1	226	226	2
1	227	227	2
1	228	228	2
1	229	229	2
1	230	230	2
1	231	231	2
1	232	232	2
1	233	233	2
1	234	234	2
1	235	235	2
1	236	236	2
1	237	237	2
1	238	238	2
1	239	239	2
1	240	240	2
1	241	241	2
1	242	242	2
1	243	243	2
1	244	244	2
1	245	245	2
1	246	246	2
1	247	247	2
1	248	248	2
1	249	249	2
1	250	250	2
1	251	251	2
1	252	252	2
1	253	253	2
1	254	254	2
1	255	255	2
1	256	256	2
1	257	257	2
1	258	258	2
1	259	259	2
1	260	260	2
1	261	261	2
1	262	262	2
1	263	263	2
1	264	264	2
1	265	265	2
1	266	266	2
1	267	267	2
1	268	268	2
1	269	269	2
1	270	270	2
1	271	271	2
1	272	272	2
1	273	273	2
1	274	274	2
1	275	275	2
1	276	276	2
1	277	277	2
1	278	278	2
1	279	279	2
1	280	280	2
1	281	281	2
1	282	282	2
1	283	283	2
1	284	284	2
1	285	285	2
1	286	286	2
1	287	287	2
1	288	288	2
1	289	289	2
1	290	290	2
1	291	291	2
1	292	292	2
1	293	293	2
1	294	294	2
1	295	295	2
1	296	296	2
1	297	297	2
1	298	298	2
1	299	299	2
1	300	300	2
1	301	301	2
1	302	302	2
1	303	303	2
1	304	304	2
1	305	305	2
1	306	306	2
1	307	307	2
1	308	308	2
1	309	309	2
1	310	310	2
1	311	311	2
1	312	312	2
1	313	313	2
1	314	314	2
1	315	315	2
1	316	316	2
1	317	317	2
1	318	318	2
1	319	319	2
1	320	320	2
1	321	321	2
2	322	1	3
2	323	2	3
2	324	3	3
2	325	4	3
2	326	5	3
2	327	6	3
2	328	7	3
2	329	8	3
2	330	9	3
2	331	10	3
2	332	11	3
2	333	12	3
2	334	13	3
2	335	14	3
2	336	15	3
2	337	16	3
2	338	17	3
2	339	18	3
2	340	19	3
2	341	20	3
2	342	21	3
2	343	22	3
2	344	23	3
2	345	24	3
2	346	25	3
2	347	26	3
2	348	27	3
2	349	28	3
2	350	29	3
2	351	30	3
2	352	31	3
2	353	32	3
2	354	33	3
2	355	34	3
2	356	35	3
2	357	36	3
2	358	37	3
2	359	38	3
2	360	39	3
2	361	40	3
2	362	41	3
2	363	42	3
2	364	43	3
2	365	44	3
2	366	45	3
2	367	46	3
2	368	47	3
2	369	48	3
2	370	49	3
2	371	50	3
2	372	51	3
2	373	52	3
2	374	53	3
2	375	54	3
2	376	55	3
2	377	56	3
2	378	57	3
2	379	58	3
2	380	59	3
2	381	60	3
2	382	61	3
2	383	62	3
2	384	63	3
2	385	64	3
2	386	65	3
2	387	66	3
2	388	67	3
2	389	68	3
2	390	69	3
2	391	70	5
2	392	71	5
2	393	72	5
2	394	73	5
2	395	74	5
2	396	75	5
2	397	76	5
2	398	77	5
2	399	78	5
2	400	79	5
2	401	80	5
2	402	81	5
2	403	82	4
2	404	83	4
2	405	84	4
2	406	85	4
2	407	86	4
2	408	87	4
2	409	88	3
2	410	89	3
2	411	90	3
2	412	91	3
2	413	92	3
2	414	93	3
2	415	94	3
2	416	95	3
2	417	96	3
2	418	97	3
2	419	98	3
2	420	99	3
2	421	100	3
2	422	101	3
2	423	102	3
2	424	103	3
2	425	104	3
2	426	105	3
2	427	106	3
2	428	107	3
2	429	108	3
2	430	109	3
2	431	110	3
2	432	111	3
2	433	112	3
2	434	113	3
2	435	114	3
2	436	115	3
2	437	116	3
2	438	117	3
2	439	118	3
2	440	119	3
2	441	120	3
2	442	121	3
2	443	122	3
2	444	123	3
2	445	124	3
2	446	125	3
2	447	126	3
2	448	127	3
2	449	128	3
2	450	129	3
2	451	130	3
2	452	131	3
2	453	132	3
2	454	133	3
2	455	134	3
2	456	135	3
2	457	136	3
2	458	137	3
2	459	138	3
2	460	139	3
2	461	140	3
2	462	141	3
2	463	142	3
2	464	143	3
2	465	144	3
2	466	145	3
2	467	146	3
2	468	147	3
2	469	148	3
2	470	149	3
2	471	150	3
2	472	151	3
2	473	152	3
2	474	153	3
2	475	154	3
2	476	155	3
2	477	156	3
2	478	157	3
2	479	158	3
2	480	159	3
2	481	160	3
2	482	161	3
2	483	162	3
2	484	163	3
2	485	164	3
2	486	165	3
2	487	166	3
2	488	167	3
2	489	168	2
2	490	169	2
2	491	170	2
2	492	171	2
2	493	172	2
2	494	173	2
2	495	174	2
2	496	175	2
2	497	176	2
2	498	177	2
2	499	178	2
2	500	179	2
2	501	180	2
2	502	181	2
2	503	182	2
2	504	183	2
2	505	184	2
2	506	185	2
2	507	186	2
2	508	187	2
2	509	188	3
2	510	189	3
2	511	190	3
2	512	191	3
2	513	192	3
2	514	193	3
2	515	194	3
2	516	195	3
2	517	196	3
2	518	197	3
2	519	198	3
2	520	199	3
2	521	200	3
2	522	201	3
2	523	202	3
2	524	203	3
2	525	204	3
2	526	205	3
2	527	206	3
2	528	207	3
2	529	208	3
2	530	209	3
2	531	210	3
2	532	211	3
2	533	212	3
2	534	213	3
2	535	214	3
2	536	215	3
2	537	216	3
2	538	217	3
2	539	218	3
2	540	219	3
2	541	220	3
2	542	221	3
2	543	222	3
2	544	223	3
2	545	224	3
2	546	225	3
2	547	226	3
2	548	227	3
2	549	228	3
2	550	229	3
2	551	230	3
2	552	231	3
2	553	232	3
2	554	233	3
2	555	234	3
2	556	235	3
2	557	236	3
2	558	237	3
2	559	238	3
2	560	239	3
2	561	240	3
2	562	241	3
2	563	242	3
2	564	243	3
2	565	244	3
2	566	245	3
2	567	246	3
2	568	247	3
2	569	248	3
2	570	249	3
2	571	250	3
2	572	251	3
2	573	252	3
2	574	253	3
2	575	254	3
2	576	255	3
2	577	256	3
2	578	257	3
2	579	258	3
2	580	259	3
2	581	260	3
2	582	261	3
2	583	262	3
2	584	263	3
2	585	264	3
2	586	265	3
2	587	266	3
2	588	267	3
2	589	268	3
2	590	269	3
2	591	270	3
2	592	271	3
2	593	272	3
2	594	273	3
2	595	274	3
2	596	275	3
2	597	276	3
2	598	277	3
2	599	278	3
2	600	279	3
2	601	280	3
2	602	281	3
2	603	282	3
2	604	283	3
2	605	284	3
2	606	285	3
2	607	286	3
2	608	287	3
2	609	288	5
2	610	289	5
2	611	290	5
2	612	291	5
2	613	292	5
2	614	293	5
2	615	294	5
2	616	295	5
2	617	296	5
2	618	297	5
2	619	298	7
2	620	299	7
2	621	300	7
2	622	301	7
2	623	302	9
2	624	303	9
2	625	304	9
2	626	305	9
2	627	306	9
2	628	307	9
2	629	308	9
2	630	309	9
2	631	310	9
2	632	311	9
2	633	312	10
2	634	313	10
2	635	314	10
2	636	315	10
2	637	316	10
2	638	317	10
2	639	318	10
2	640	319	8
2	641	320	8
2	642	321	8
2	643	322	8
2	644	323	8
2	645	324	8
2	646	325	8
2	647	326	8
2	648	327	8
2	649	328	8
2	650	329	8
2	651	330	8
2	652	331	8
2	653	332	8
2	654	333	8
2	655	334	8
2	656	335	9
2	657	336	9
2	658	337	9
2	659	338	9
2	660	339	9
2	661	340	9
2	662	341	9
2	663	342	9
2	664	343	9
2	665	344	9
2	666	345	10
2	667	346	10
2	668	347	10
2	669	348	10
2	670	349	10
2	671	350	10
2	672	351	10
2	673	352	10
2	674	353	10
2	675	354	10
2	676	355	10
2	677	356	10
2	678	357	10
2	679	358	10
2	680	359	10
2	681	360	11
2	682	361	11
2	683	362	11
2	684	363	11
2	685	364	11
2	686	365	11
2	687	366	11
2	688	367	11
2	689	368	11
2	690	369	11
2	691	370	11
2	692	371	11
2	693	372	11
2	694	373	11
2	695	374	11
2	696	375	12
2	697	376	12
2	698	377	12
2	699	378	12
2	700	379	12
2	701	380	12
2	702	381	12
2	703	382	12
2	704	383	12
2	705	384	12
2	706	385	12
2	707	386	12
2	708	387	12
2	709	388	12
2	710	389	12
2	711	390	12
2	712	391	12
2	713	392	12
2	714	393	12
2	715	394	12
2	716	395	12
2	717	396	12
2	718	397	12
2	719	398	12
2	720	399	12
2	721	400	12
2	722	401	12
2	723	402	12
2	724	403	12
2	725	404	12
2	726	405	12
2	727	406	12
2	728	407	12
2	729	408	12
2	730	409	12
2	731	410	12
2	732	411	12
2	733	412	12
2	734	413	12
2	735	414	12
2	736	415	12
2	737	416	12
2	738	417	12
2	739	418	12
2	740	419	12
2	741	420	12
2	742	421	12
2	743	422	12
2	744	423	12
2	745	424	12
2	746	425	12
2	747	426	12
2	748	427	12
2	749	428	12
2	750	429	12
2	751	430	12
2	752	431	12
2	753	432	12
2	754	433	12
2	755	434	12
2	756	435	12
2	757	436	12
2	758	437	11
2	759	438	11
2	760	439	11
2	761	440	11
2	762	441	11
2	763	442	11
2	764	443	11
2	765	444	11
2	766	445	11
2	767	446	11
2	768	447	11
2	769	448	11
2	770	449	11
2	771	450	11
2	772	451	11
2	773	452	11
2	774	453	11
2	775	454	11
2	776	455	11
2	777	456	11
2	778	457	11
2	779	458	11
2	780	459	11
2	781	460	11
2	782	461	11
2	783	462	11
2	784	463	11
2	785	464	11
2	786	465	11
2	787	466	11
2	788	467	11
2	789	468	11
2	790	469	11
2	791	470	11
2	792	471	11
2	793	472	11
2	794	473	11
2	795	474	11
2	796	475	11
2	797	476	11
2	798	477	11
