exon	relative_pos_in_circle	relative_pos_in_exon	coverage
3	1	1	8
3	2	2	8
3	3	3	8
3	4	4	8
3	5	5	8
3	6	6	8
3	7	7	8
3	8	8	8
3	9	9	8
3	10	10	8
3	11	11	8
3	12	12	8
3	13	13	8
3	14	14	8
3	15	15	8
3	16	16	8
3	17	17	8
3	18	18	8
3	19	19	8
3	20	20	8
3	21	21	8
3	22	22	8
3	23	23	8
3	24	24	8
3	25	25	8
3	26	26	8
3	27	27	8
3	28	28	8
3	29	29	8
3	30	30	8
3	31	31	8
3	32	32	8
3	33	33	8
3	34	34	8
3	35	35	8
3	36	36	8
3	37	37	8
3	38	38	8
3	39	39	8
3	40	40	8
3	41	41	8
3	42	42	7
3	43	43	7
3	44	44	7
3	45	45	7
3	46	46	7
3	47	47	7
3	48	48	7
3	49	49	7
3	50	50	7
3	51	51	7
3	52	52	7
3	53	53	7
3	54	54	7
3	55	55	7
3	56	56	7
3	57	57	7
3	58	58	7
3	59	59	7
3	60	60	7
3	61	61	7
3	62	62	7
3	63	63	7
3	64	64	7
3	65	65	7
3	66	66	7
3	67	67	7
3	68	68	7
3	69	69	7
3	70	70	7
3	71	71	7
3	72	72	7
3	73	73	7
3	74	74	7
3	75	75	7
3	76	76	7
3	77	77	7
3	78	78	7
3	79	79	7
3	80	80	7
3	81	81	7
3	82	82	7
3	83	83	7
3	84	84	7
3	85	85	7
3	86	86	7
3	87	87	7
3	88	88	7
3	89	89	7
3	90	90	7
3	91	91	7
3	92	92	7
3	93	93	7
3	94	94	7
3	95	95	7
3	96	96	7
3	97	97	7
3	98	98	7
3	99	99	7
3	100	100	7
3	101	101	7
3	102	102	7
3	103	103	7
3	104	104	7
3	105	105	7
3	106	106	7
3	107	107	7
3	108	108	7
3	109	109	5
3	110	110	5
3	111	111	5
3	112	112	5
3	113	113	5
3	114	114	5
3	115	115	5
3	116	116	5
3	117	117	5
3	118	118	5
3	119	119	5
3	120	120	5
3	121	121	5
3	122	122	5
3	123	123	5
3	124	124	5
3	125	125	5
3	126	126	5
3	127	127	5
3	128	128	5
3	129	129	5
3	130	130	5
3	131	131	5
3	132	132	5
3	133	133	5
3	134	134	5
3	135	135	5
3	136	136	5
3	137	137	5
3	138	138	5
3	139	139	5
3	140	140	5
3	141	141	5
3	142	142	5
3	143	143	5
3	144	144	5
3	145	145	5
3	146	146	5
3	147	147	5
3	148	148	5
3	149	149	5
3	150	150	5
3	151	151	5
3	152	152	5
3	153	153	5
3	154	154	5
3	155	155	5
3	156	156	5
3	157	157	5
3	158	158	5
3	159	159	5
3	160	160	4
4	161	1	2
4	162	2	2
4	163	3	2
4	164	4	2
4	165	5	2
4	166	6	2
4	167	7	2
4	168	8	2
4	169	9	2
4	170	10	2
4	171	11	2
4	172	12	2
4	173	13	2
4	174	14	2
4	175	15	2
4	176	16	2
4	177	17	2
4	178	18	2
4	179	19	2
4	180	20	2
4	181	21	2
4	182	22	2
4	183	23	2
4	184	24	2
4	185	25	2
4	186	26	2
4	187	27	2
4	188	28	2
4	189	29	2
4	190	30	2
4	191	31	2
4	192	32	2
4	193	33	2
4	194	34	2
4	195	35	2
4	196	36	0
4	197	37	0
4	198	38	0
4	199	39	0
4	200	40	0
4	201	41	0
4	202	42	0
4	203	43	0
4	204	44	0
4	205	45	0
4	206	46	0
4	207	47	0
4	208	48	0
4	209	49	0
4	210	50	0
4	211	51	0
4	212	52	0
4	213	53	0
4	214	54	0
4	215	55	0
4	216	56	0
4	217	57	0
4	218	58	0
4	219	59	0
4	220	60	0
4	221	61	0
4	222	62	0
4	223	63	0
4	224	64	0
4	225	65	0
4	226	66	0
4	227	67	0
4	228	68	0
4	229	69	0
4	230	70	0
4	231	71	0
4	232	72	0
4	233	73	0
4	234	74	0
4	235	75	0
4	236	76	0
4	237	77	0
4	238	78	0
4	239	79	0
4	240	80	0
4	241	81	0
4	242	82	0
4	243	83	0
4	244	84	0
4	245	85	0
4	246	86	0
4	247	87	0
4	248	88	0
4	249	89	0
4	250	90	0
4	251	91	0
5	252	1	0
5	253	2	0
5	254	3	0
5	255	4	0
5	256	5	0
5	257	6	0
5	258	7	0
5	259	8	0
5	260	9	0
5	261	10	0
5	262	11	0
5	263	12	0
5	264	13	0
5	265	14	0
5	266	15	0
5	267	16	0
5	268	17	0
5	269	18	0
5	270	19	0
5	271	20	0
5	272	21	0
5	273	22	0
5	274	23	0
5	275	24	0
5	276	25	0
5	277	26	0
5	278	27	0
5	279	28	0
5	280	29	0
5	281	30	0
5	282	31	0
5	283	32	0
5	284	33	0
5	285	34	0
5	286	35	0
5	287	36	0
5	288	37	0
5	289	38	0
5	290	39	0
5	291	40	0
5	292	41	0
5	293	42	0
5	294	43	0
5	295	44	1
5	296	45	1
5	297	46	1
5	298	47	1
5	299	48	1
5	300	49	1
5	301	50	1
5	302	51	1
5	303	52	1
5	304	53	1
5	305	54	1
5	306	55	1
5	307	56	1
5	308	57	1
5	309	58	1
5	310	59	1
5	311	60	1
5	312	61	1
5	313	62	1
5	314	63	1
5	315	64	1
5	316	65	1
5	317	66	1
5	318	67	1
5	319	68	1
5	320	69	1
5	321	70	1
5	322	71	1
5	323	72	1
5	324	73	1
5	325	74	1
5	326	75	1
5	327	76	1
5	328	77	1
5	329	78	1
5	330	79	1
5	331	80	1
5	332	81	1
5	333	82	1
5	334	83	1
5	335	84	1
5	336	85	1
5	337	86	1
5	338	87	1
5	339	88	1
5	340	89	1
5	341	90	1
5	342	91	1
5	343	92	1
5	344	93	1
5	345	94	1
5	346	95	1
5	347	96	1
5	348	97	1
5	349	98	1
5	350	99	1
5	351	100	1
5	352	101	1
5	353	102	1
5	354	103	1
5	355	104	1
5	356	105	1
5	357	106	1
5	358	107	1
5	359	108	1
5	360	109	1
5	361	110	1
5	362	111	1
5	363	112	1
5	364	113	1
5	365	114	1
5	366	115	1
5	367	116	1
5	368	117	1
5	369	118	1
5	370	119	1
5	371	120	1
5	372	121	1
5	373	122	1
5	374	123	1
5	375	124	1
5	376	125	1
5	377	126	1
5	378	127	1
5	379	128	1
5	380	129	1
5	381	130	1
5	382	131	1
5	383	132	1
5	384	133	1
5	385	134	1
5	386	135	1
5	387	136	1
5	388	137	1
5	389	138	1
5	390	139	1
5	391	140	1
5	392	141	1
5	393	142	1
5	394	143	1
5	395	144	1
5	396	145	1
5	397	146	1
5	398	147	1
5	399	148	1
5	400	149	1
5	401	150	1
5	402	151	1
5	403	152	1
5	404	153	1
5	405	154	1
5	406	155	1
6	407	1	1
6	408	2	1
6	409	3	1
6	410	4	1
6	411	5	1
6	412	6	1
6	413	7	2
6	414	8	2
6	415	9	2
6	416	10	2
6	417	11	2
6	418	12	2
6	419	13	2
6	420	14	2
6	421	15	2
6	422	16	2
6	423	17	2
6	424	18	2
6	425	19	2
6	426	20	2
6	427	21	2
6	428	22	2
6	429	23	2
6	430	24	2
6	431	25	2
6	432	26	2
6	433	27	2
6	434	28	2
6	435	29	2
6	436	30	2
6	437	31	2
6	438	32	2
6	439	33	2
6	440	34	2
6	441	35	2
6	442	36	2
6	443	37	2
6	444	38	2
6	445	39	2
6	446	40	2
6	447	41	2
6	448	42	2
6	449	43	2
6	450	44	2
6	451	45	2
6	452	46	2
6	453	47	2
6	454	48	2
6	455	49	2
6	456	50	2
6	457	51	2
6	458	52	2
6	459	53	2
6	460	54	2
6	461	55	2
6	462	56	2
6	463	57	2
6	464	58	2
6	465	59	2
6	466	60	2
6	467	61	2
6	468	62	2
6	469	63	2
6	470	64	2
6	471	65	2
6	472	66	4
6	473	67	4
6	474	68	4
6	475	69	4
6	476	70	4
6	477	71	4
6	478	72	4
6	479	73	4
6	480	74	4
6	481	75	4
6	482	76	4
6	483	77	4
6	484	78	4
6	485	79	4
6	486	80	4
6	487	81	4
7	488	1	4
7	489	2	4
7	490	3	4
7	491	4	4
7	492	5	4
7	493	6	4
7	494	7	4
7	495	8	4
7	496	9	4
7	497	10	4
7	498	11	4
7	499	12	4
7	500	13	4
7	501	14	4
7	502	15	4
7	503	16	4
7	504	17	4
7	505	18	4
7	506	19	4
7	507	20	4
7	508	21	4
7	509	22	4
7	510	23	4
7	511	24	4
7	512	25	4
7	513	26	4
7	514	27	4
7	515	28	4
7	516	29	4
7	517	30	4
7	518	31	4
7	519	32	4
7	520	33	4
7	521	34	4
7	522	35	4
7	523	36	4
7	524	37	4
7	525	38	4
7	526	39	4
7	527	40	4
7	528	41	4
7	529	42	4
7	530	43	4
7	531	44	4
7	532	45	4
7	533	46	4
7	534	47	4
7	535	48	4
7	536	49	4
7	537	50	4
7	538	51	4
7	539	52	4
7	540	53	4
7	541	54	4
7	542	55	4
7	543	56	3
7	544	57	3
7	545	58	3
7	546	59	3
7	547	60	3
7	548	61	3
7	549	62	3
7	550	63	3
7	551	64	3
7	552	65	3
7	553	66	3
7	554	67	3
7	555	68	3
7	556	69	3
7	557	70	3
7	558	71	3
7	559	72	3
7	560	73	3
7	561	74	3
7	562	75	3
7	563	76	3
7	564	77	3
7	565	78	3
7	566	79	3
7	567	80	3
7	568	81	3
7	569	82	3
7	570	83	3
7	571	84	3
7	572	85	3
7	573	86	3
7	574	87	3
7	575	88	3
7	576	89	3
7	577	90	3
7	578	91	3
7	579	92	3
7	580	93	3
7	581	94	3
7	582	95	3
7	583	96	3
7	584	97	5
7	585	98	5
7	586	99	5
7	587	100	5
7	588	101	5
7	589	102	5
7	590	103	5
7	591	104	5
7	592	105	5
7	593	106	5
7	594	107	5
7	595	108	5
7	596	109	5
7	597	110	5
7	598	111	5
7	599	112	5
7	600	113	5
7	601	114	5
7	602	115	5
7	603	116	5
7	604	117	5
7	605	118	5
7	606	119	5
7	607	120	5
7	608	121	5
7	609	122	5
7	610	123	5
7	611	124	5
7	612	125	5
7	613	126	5
7	614	127	5
7	615	128	5
7	616	129	5
7	617	130	5
7	618	131	5
7	619	132	5
7	620	133	5
7	621	134	5
7	622	135	5
7	623	136	5
7	624	137	5
7	625	138	5
7	626	139	5
7	627	140	5
7	628	141	5
7	629	142	5
7	630	143	5
7	631	144	5
8	632	1	5
8	633	2	5
8	634	3	5
8	635	4	5
8	636	5	5
8	637	6	5
8	638	7	5
8	639	8	5
8	640	9	5
8	641	10	5
8	642	11	5
8	643	12	5
8	644	13	5
8	645	14	5
8	646	15	5
8	647	16	5
8	648	17	5
8	649	18	5
8	650	19	5
8	651	20	7
8	652	21	7
8	653	22	7
8	654	23	7
8	655	24	7
8	656	25	7
8	657	26	7
8	658	27	7
8	659	28	7
8	660	29	7
8	661	30	7
8	662	31	6
8	663	32	6
8	664	33	6
8	665	34	6
8	666	35	6
8	667	36	6
8	668	37	6
8	669	38	6
8	670	39	6
8	671	40	6
8	672	41	6
8	673	42	6
8	674	43	6
8	675	44	6
8	676	45	6
8	677	46	6
8	678	47	6
8	679	48	6
8	680	49	6
8	681	50	6
8	682	51	6
8	683	52	6
8	684	53	6
8	685	54	6
8	686	55	6
8	687	56	6
8	688	57	6
8	689	58	6
8	690	59	6
8	691	60	6
8	692	61	6
8	693	62	6
8	694	63	6
8	695	64	6
8	696	65	6
8	697	66	6
8	698	67	6
8	699	68	6
8	700	69	6
8	701	70	6
8	702	71	7
8	703	72	7
8	704	73	7
8	705	74	7
8	706	75	7
8	707	76	7
8	708	77	7
8	709	78	7
8	710	79	7
8	711	80	7
8	712	81	7
8	713	82	7
8	714	83	7
8	715	84	7
8	716	85	7
8	717	86	7
8	718	87	7
8	719	88	7
8	720	89	5
8	721	90	5
8	722	91	5
8	723	92	5
8	724	93	5
8	725	94	5
8	726	95	5
8	727	96	5
8	728	97	5
8	729	98	5
8	730	99	5
8	731	100	5
8	732	101	5
8	733	102	5
8	734	103	5
8	735	104	5
8	736	105	5
8	737	106	5
8	738	107	5
8	739	108	5
8	740	109	5
8	741	110	5
8	742	111	5
8	743	112	7
8	744	113	7
8	745	114	7
8	746	115	7
8	747	116	7
8	748	117	7
8	749	118	7
8	750	119	7
8	751	120	7
8	752	121	7
8	753	122	7
8	754	123	7
8	755	124	7
8	756	125	7
8	757	126	7
8	758	127	7
8	759	128	7
8	760	129	7
8	761	130	7
8	762	131	7
8	763	132	7
8	764	133	7
8	765	134	7
8	766	135	7
8	767	136	7
8	768	137	7
8	769	138	7
8	770	139	7
8	771	140	7
8	772	141	7
8	773	142	7
8	774	143	7
8	775	144	7
8	776	145	7
8	777	146	7
8	778	147	7
8	779	148	7
8	780	149	7
8	781	150	7
8	782	151	7
8	783	152	7
8	784	153	7
8	785	154	7
8	786	155	7
8	787	156	7
8	788	157	7
8	789	158	7
8	790	159	7
8	791	160	7
