exon	relative_pos_in_circle	relative_pos_in_exon	coverage
1	1	1	7
1	2	2	7
1	3	3	7
1	4	4	7
1	5	5	7
1	6	6	7
1	7	7	7
1	8	8	7
1	9	9	7
1	10	10	7
1	11	11	7
1	12	12	7
1	13	13	7
1	14	14	7
1	15	15	7
1	16	16	7
1	17	17	7
1	18	18	7
1	19	19	7
1	20	20	7
1	21	21	7
1	22	22	7
1	23	23	7
1	24	24	7
1	25	25	7
1	26	26	7
1	27	27	7
1	28	28	7
1	29	29	7
1	30	30	7
1	31	31	7
1	32	32	7
1	33	33	7
1	34	34	7
1	35	35	7
1	36	36	7
1	37	37	7
1	38	38	7
1	39	39	6
1	40	40	6
1	41	41	5
1	42	42	5
1	43	43	5
1	44	44	5
1	45	45	5
1	46	46	5
1	47	47	5
1	48	48	5
1	49	49	5
1	50	50	5
1	51	51	5
1	52	52	5
1	53	53	5
1	54	54	5
1	55	55	5
1	56	56	5
1	57	57	5
1	58	58	5
1	59	59	5
1	60	60	5
1	61	61	5
1	62	62	5
1	63	63	5
1	64	64	5
1	65	65	5
1	66	66	5
1	67	67	5
1	68	68	5
1	69	69	5
1	70	70	5
1	71	71	5
1	72	72	5
1	73	73	5
1	74	74	5
1	75	75	5
1	76	76	5
1	77	77	5
1	78	78	5
1	79	79	5
1	80	80	5
1	81	81	5
1	82	82	5
1	83	83	5
1	84	84	5
1	85	85	5
1	86	86	5
1	87	87	5
1	88	88	5
1	89	89	5
1	90	90	5
1	91	91	5
1	92	92	5
1	93	93	4
1	94	94	4
1	95	95	4
1	96	96	4
1	97	97	4
1	98	98	4
1	99	99	5
1	100	100	5
1	101	101	5
1	102	102	5
1	103	103	5
1	104	104	5
1	105	105	5
1	106	106	5
1	107	107	5
1	108	108	5
1	109	109	5
1	110	110	4
1	111	111	4
1	112	112	4
1	113	113	4
1	114	114	4
1	115	115	4
1	116	116	4
1	117	117	4
1	118	118	4
1	119	119	4
1	120	120	4
1	121	121	4
1	122	122	4
1	123	123	4
1	124	124	4
1	125	125	4
1	126	126	4
1	127	127	4
1	128	128	4
1	129	129	4
1	130	130	4
1	131	131	4
1	132	132	4
1	133	133	4
1	134	134	3
1	135	135	3
1	136	136	3
1	137	137	3
1	138	138	3
1	139	139	3
1	140	140	3
1	141	141	3
1	142	142	3
1	143	143	3
1	144	144	3
1	145	145	3
1	146	146	3
1	147	147	3
1	148	148	3
1	149	149	3
1	150	150	3
1	151	151	3
1	152	152	2
1	153	153	2
1	154	154	2
1	155	155	2
1	156	156	2
1	157	157	2
1	158	158	2
1	159	159	2
1	160	160	2
1	161	161	2
1	162	162	2
1	163	163	2
1	164	164	2
1	165	165	2
1	166	166	2
1	167	167	2
1	168	168	2
1	169	169	2
1	170	170	2
1	171	171	2
1	172	172	2
1	173	173	2
1	174	174	2
1	175	175	2
1	176	176	1
1	177	177	1
1	178	178	1
1	179	179	1
1	180	180	1
1	181	181	1
1	182	182	1
1	183	183	1
1	184	184	1
1	185	185	1
1	186	186	1
1	187	187	1
1	188	188	1
1	189	189	1
1	190	190	1
1	191	191	1
1	192	192	1
1	193	193	1
1	194	194	1
1	195	195	1
1	196	196	1
1	197	197	1
1	198	198	1
1	199	199	1
1	200	200	1
1	201	201	1
1	202	202	1
1	203	203	1
1	204	204	1
1	205	205	1
1	206	206	1
1	207	207	1
1	208	208	1
1	209	209	1
1	210	210	1
1	211	211	1
1	212	212	1
1	213	213	1
1	214	214	1
1	215	215	1
1	216	216	1
1	217	217	1
1	218	218	1
1	219	219	1
1	220	220	1
1	221	221	1
1	222	222	1
1	223	223	1
1	224	224	1
1	225	225	1
1	226	226	1
1	227	227	1
1	228	228	1
1	229	229	1
1	230	230	1
1	231	231	1
1	232	232	1
1	233	233	1
1	234	234	1
1	235	235	1
1	236	236	1
1	237	237	1
1	238	238	1
1	239	239	1
1	240	240	1
1	241	241	1
1	242	242	1
1	243	243	1
1	244	244	1
1	245	245	1
1	246	246	1
1	247	247	1
1	248	248	1
1	249	249	1
1	250	250	1
1	251	251	1
1	252	252	1
1	253	253	1
1	254	254	1
1	255	255	1
1	256	256	1
1	257	257	1
1	258	258	1
1	259	259	1
1	260	260	1
1	261	261	1
1	262	262	1
1	263	263	1
1	264	264	1
1	265	265	1
1	266	266	1
1	267	267	1
1	268	268	1
1	269	269	1
1	270	270	1
1	271	271	1
1	272	272	1
1	273	273	1
1	274	274	1
1	275	275	1
1	276	276	1
1	277	277	1
1	278	278	1
1	279	279	1
1	280	280	1
1	281	281	1
1	282	282	1
1	283	283	1
1	284	284	1
1	285	285	1
1	286	286	1
1	287	287	1
1	288	288	1
1	289	289	1
1	290	290	1
1	291	291	1
1	292	292	1
1	293	293	1
1	294	294	1
1	295	295	1
1	296	296	1
1	297	297	1
1	298	298	1
1	299	299	1
1	300	300	1
1	301	301	1
1	302	302	1
1	303	303	1
1	304	304	1
1	305	305	1
1	306	306	1
1	307	307	1
1	308	308	1
1	309	309	1
1	310	310	1
1	311	311	1
1	312	312	1
1	313	313	1
1	314	314	1
1	315	315	1
1	316	316	1
1	317	317	1
1	318	318	1
1	319	319	1
1	320	320	1
1	321	321	1
1	322	322	1
1	323	323	1
1	324	324	1
1	325	325	1
1	326	326	1
1	327	327	1
1	328	328	1
1	329	329	1
1	330	330	1
1	331	331	1
1	332	332	1
1	333	333	1
1	334	334	1
1	335	335	1
1	336	336	1
1	337	337	1
1	338	338	1
1	339	339	1
1	340	340	1
1	341	341	1
1	342	342	1
1	343	343	1
1	344	344	1
1	345	345	1
1	346	346	1
1	347	347	1
1	348	348	0
1	349	349	0
1	350	350	0
1	351	351	0
1	352	352	0
1	353	353	0
1	354	354	0
1	355	355	0
1	356	356	0
1	357	357	0
1	358	358	0
1	359	359	0
1	360	360	0
1	361	361	0
1	362	362	0
1	363	363	0
1	364	364	0
1	365	365	0
1	366	366	0
1	367	367	0
1	368	368	0
1	369	369	0
1	370	370	0
1	371	371	0
1	372	372	0
1	373	373	0
1	374	374	0
1	375	375	0
1	376	376	0
1	377	377	0
1	378	378	0
1	379	379	0
1	380	380	0
1	381	381	0
1	382	382	0
1	383	383	0
1	384	384	0
1	385	385	0
1	386	386	0
1	387	387	0
1	388	388	0
1	389	389	0
1	390	390	0
1	391	391	0
1	392	392	0
1	393	393	0
1	394	394	0
1	395	395	0
1	396	396	0
1	397	397	0
1	398	398	0
1	399	399	0
1	400	400	0
1	401	401	0
1	402	402	0
1	403	403	0
1	404	404	0
1	405	405	0
1	406	406	0
1	407	407	0
1	408	408	0
1	409	409	0
1	410	410	0
1	411	411	0
1	412	412	0
1	413	413	0
1	414	414	0
1	415	415	0
1	416	416	0
1	417	417	0
1	418	418	0
1	419	419	0
1	420	420	0
1	421	421	0
1	422	422	0
1	423	423	0
1	424	424	0
1	425	425	0
1	426	426	0
1	427	427	0
1	428	428	0
1	429	429	0
1	430	430	0
1	431	431	0
1	432	432	0
1	433	433	0
1	434	434	0
1	435	435	0
1	436	436	0
1	437	437	0
1	438	438	0
1	439	439	0
1	440	440	0
1	441	441	0
1	442	442	0
1	443	443	0
1	444	444	0
1	445	445	0
1	446	446	0
1	447	447	0
1	448	448	0
1	449	449	0
1	450	450	0
1	451	451	0
1	452	452	0
1	453	453	0
1	454	454	0
1	455	455	0
1	456	456	0
1	457	457	0
1	458	458	0
1	459	459	0
1	460	460	0
1	461	461	0
1	462	462	0
1	463	463	0
1	464	464	0
1	465	465	0
1	466	466	0
1	467	467	0
1	468	468	0
1	469	469	0
1	470	470	0
1	471	471	0
1	472	472	0
1	473	473	0
1	474	474	0
1	475	475	0
1	476	476	0
1	477	477	0
1	478	478	0
1	479	479	1
1	480	480	1
1	481	481	1
1	482	482	1
1	483	483	1
1	484	484	1
1	485	485	1
1	486	486	1
1	487	487	1
1	488	488	1
1	489	489	1
1	490	490	1
1	491	491	1
1	492	492	1
1	493	493	1
1	494	494	1
1	495	495	1
1	496	496	1
1	497	497	1
1	498	498	1
1	499	499	1
1	500	500	1
1	501	501	1
1	502	502	1
1	503	503	1
1	504	504	1
1	505	505	1
1	506	506	1
1	507	507	1
1	508	508	1
1	509	509	1
1	510	510	1
1	511	511	1
1	512	512	1
1	513	513	1
1	514	514	1
1	515	515	1
1	516	516	1
1	517	517	1
1	518	518	1
1	519	519	1
1	520	520	1
1	521	521	1
1	522	522	1
1	523	523	1
1	524	524	1
1	525	525	1
1	526	526	1
1	527	527	1
1	528	528	1
1	529	529	1
1	530	530	1
1	531	531	2
1	532	532	2
1	533	533	2
1	534	534	2
1	535	535	2
1	536	536	2
1	537	537	2
1	538	538	2
1	539	539	2
1	540	540	2
1	541	541	2
1	542	542	2
1	543	543	2
1	544	544	2
1	545	545	4
1	546	546	6
1	547	547	6
1	548	548	6
1	549	549	6
1	550	550	6
1	551	551	6
1	552	552	6
1	553	553	6
1	554	554	6
1	555	555	6
1	556	556	6
1	557	557	6
1	558	558	6
1	559	559	6
1	560	560	6
1	561	561	6
1	562	562	6
1	563	563	6
1	564	564	6
1	565	565	6
1	566	566	6
1	567	567	6
1	568	568	6
1	569	569	6
1	570	570	6
1	571	571	6
1	572	572	6
1	573	573	6
1	574	574	6
1	575	575	6
1	576	576	6
1	577	577	6
1	578	578	6
1	579	579	6
1	580	580	6
1	581	581	6
1	582	582	6
1	583	583	6
1	584	584	6
1	585	585	6
1	586	586	6
1	587	587	6
1	588	588	6
1	589	589	6
1	590	590	6
1	591	591	6
1	592	592	6
1	593	593	6
1	594	594	6
1	595	595	6
1	596	596	6
1	597	597	6
1	598	598	7
1	599	599	7
1	600	600	7
1	601	601	7
1	602	602	7
1	603	603	7
1	604	604	7
1	605	605	7
1	606	606	7
1	607	607	7
1	608	608	7
1	609	609	7
1	610	610	7
1	611	611	7
1	612	612	7
1	613	613	7
1	614	614	7
1	615	615	8
1	616	616	8
1	617	617	8
1	618	618	8
1	619	619	8
1	620	620	8
1	621	621	8
1	622	622	8
1	623	623	8
1	624	624	8
1	625	625	8
1	626	626	8
1	627	627	8
1	628	628	8
1	629	629	8
1	630	630	8
1	631	631	8
1	632	632	8
1	633	633	8
1	634	634	8
1	635	635	8
1	636	636	8
1	637	637	8
1	638	638	8
1	639	639	8
1	640	640	9
1	641	641	9
1	642	642	9
1	643	643	9
1	644	644	9
1	645	645	9
1	646	646	9
1	647	647	9
1	648	648	9
1	649	649	9
1	650	650	9
1	651	651	9
1	652	652	9
1	653	653	9
1	654	654	9
1	655	655	9
1	656	656	9
1	657	657	10
1	658	658	10
1	659	659	10
1	660	660	10
1	661	661	10
1	662	662	10
1	663	663	10
1	664	664	10
1	665	665	10
1	666	666	10
1	667	667	10
1	668	668	10
1	669	669	10
1	670	670	10
1	671	671	10
1	672	672	10
1	673	673	10
1	674	674	10
1	675	675	10
1	676	676	10
1	677	677	10
1	678	678	10
1	679	679	10
1	680	680	10
1	681	681	10
1	682	682	10
1	683	683	10
1	684	684	10
1	685	685	10
1	686	686	10
1	687	687	10
1	688	688	10
1	689	689	10
1	690	690	10
1	691	691	10
1	692	692	10
1	693	693	10
1	694	694	10
1	695	695	10
1	696	696	10
1	697	697	10
1	698	698	10
1	699	699	10
1	700	700	10
1	701	701	10
1	702	702	10
1	703	703	10
1	704	704	10
1	705	705	10
1	706	706	10
1	707	707	10
1	708	708	10
1	709	709	10
1	710	710	10
1	711	711	10
1	712	712	10
1	713	713	10
1	714	714	10
1	715	715	10
1	716	716	10
1	717	717	10
1	718	718	10
1	719	719	10
1	720	720	10
1	721	721	10
1	722	722	10
1	723	723	10
1	724	724	10
1	725	725	10
1	726	726	10
1	727	727	10
1	728	728	9
1	729	729	9
1	730	730	9
1	731	731	9
1	732	732	9
1	733	733	9
1	734	734	9
1	735	735	9
1	736	736	9
1	737	737	9
1	738	738	9
1	739	739	9
1	740	740	9
1	741	741	9
1	742	742	9
1	743	743	9
1	744	744	9
1	745	745	9
1	746	746	9
1	747	747	9
1	748	748	9
1	749	749	9
1	750	750	9
1	751	751	9
1	752	752	9
1	753	753	9
1	754	754	9
