exon	relative_pos_in_circle	relative_pos_in_exon	coverage
1	1	1	6
1	2	2	6
1	3	3	6
1	4	4	6
1	5	5	6
1	6	6	6
1	7	7	6
1	8	8	6
1	9	9	6
1	10	10	6
1	11	11	6
1	12	12	6
1	13	13	6
1	14	14	6
1	15	15	6
1	16	16	6
1	17	17	6
1	18	18	6
1	19	19	6
1	20	20	6
1	21	21	6
1	22	22	6
1	23	23	6
1	24	24	6
1	25	25	6
1	26	26	6
1	27	27	6
1	28	28	6
1	29	29	6
1	30	30	6
1	31	31	6
1	32	32	6
1	33	33	6
1	34	34	6
1	35	35	6
1	36	36	6
1	37	37	6
1	38	38	6
1	39	39	6
1	40	40	6
1	41	41	6
1	42	42	6
1	43	43	6
1	44	44	6
1	45	45	6
1	46	46	6
1	47	47	6
1	48	48	6
1	49	49	6
1	50	50	6
1	51	51	6
1	52	52	5
1	53	53	5
1	54	54	5
1	55	55	5
1	56	56	5
1	57	57	5
1	58	58	5
1	59	59	5
1	60	60	5
1	61	61	5
1	62	62	5
1	63	63	5
1	64	64	5
1	65	65	5
1	66	66	5
1	67	67	5
1	68	68	5
1	69	69	5
1	70	70	5
1	71	71	5
1	72	72	5
1	73	73	5
1	74	74	5
1	75	75	5
1	76	76	5
1	77	77	5
1	78	78	5
1	79	79	5
1	80	80	5
1	81	81	5
1	82	82	5
1	83	83	5
1	84	84	5
1	85	85	5
1	86	86	5
1	87	87	5
1	88	88	5
1	89	89	5
1	90	90	5
1	91	91	5
1	92	92	5
1	93	93	5
1	94	94	5
1	95	95	5
1	96	96	5
1	97	97	5
1	98	98	5
1	99	99	5
1	100	100	5
1	101	101	5
1	102	102	5
1	103	103	5
1	104	104	5
1	105	105	5
1	106	106	5
1	107	107	5
1	108	108	5
1	109	109	5
1	110	110	5
1	111	111	5
1	112	112	5
1	113	113	5
1	114	114	5
1	115	115	5
1	116	116	5
1	117	117	5
1	118	118	5
1	119	119	5
1	120	120	5
1	121	121	5
1	122	122	5
1	123	123	5
1	124	124	5
1	125	125	5
1	126	126	5
1	127	127	5
1	128	128	5
1	129	129	5
1	130	130	5
1	131	131	5
1	132	132	5
1	133	133	5
1	134	134	5
1	135	135	5
1	136	136	5
1	137	137	5
1	138	138	5
1	139	139	5
1	140	140	5
1	141	141	5
1	142	142	5
1	143	143	5
1	144	144	5
1	145	145	5
1	146	146	5
1	147	147	5
1	148	148	5
1	149	149	5
1	150	150	5
1	151	151	5
1	152	152	5
2	153	1	3
2	154	2	3
2	155	3	3
2	156	4	3
2	157	5	3
2	158	6	3
2	159	7	3
2	160	8	3
2	161	9	3
2	162	10	3
2	163	11	3
2	164	12	3
2	165	13	3
2	166	14	3
2	167	15	3
2	168	16	3
2	169	17	2
2	170	18	2
2	171	19	2
2	172	20	2
2	173	21	2
2	174	22	2
2	175	23	2
2	176	24	2
2	177	25	2
2	178	26	2
2	179	27	2
2	180	28	2
2	181	29	2
2	182	30	2
2	183	31	2
2	184	32	2
2	185	33	2
2	186	34	2
2	187	35	2
2	188	36	2
2	189	37	2
2	190	38	2
2	191	39	2
2	192	40	2
2	193	41	2
2	194	42	2
2	195	43	3
2	196	44	1
2	197	45	1
2	198	46	1
2	199	47	1
2	200	48	1
2	201	49	1
2	202	50	1
2	203	51	1
2	204	52	1
2	205	53	1
2	206	54	1
2	207	55	1
2	208	56	1
2	209	57	1
2	210	58	1
2	211	59	1
2	212	60	1
2	213	61	1
2	214	62	1
2	215	63	1
2	216	64	1
2	217	65	1
2	218	66	1
2	219	67	1
2	220	68	1
2	221	69	1
2	222	70	1
2	223	71	1
2	224	72	1
2	225	73	1
2	226	74	1
2	227	75	1
2	228	76	1
2	229	77	1
2	230	78	2
2	231	79	2
2	232	80	2
2	233	81	2
2	234	82	2
2	235	83	2
2	236	84	2
2	237	85	2
2	238	86	2
2	239	87	2
2	240	88	2
2	241	89	2
2	242	90	2
2	243	91	2
2	244	92	2
2	245	93	2
2	246	94	2
2	247	95	2
2	248	96	2
2	249	97	2
2	250	98	2
2	251	99	2
2	252	100	2
2	253	101	2
2	254	102	2
2	255	103	2
2	256	104	2
2	257	105	2
2	258	106	2
2	259	107	2
2	260	108	2
2	261	109	2
2	262	110	2
2	263	111	3
2	264	112	3
2	265	113	3
2	266	114	3
2	267	115	3
2	268	116	3
2	269	117	3
2	270	118	3
2	271	119	3
2	272	120	3
2	273	121	3
2	274	122	3
2	275	123	3
2	276	124	3
2	277	125	3
2	278	126	3
2	279	127	3
2	280	128	3
2	281	129	3
2	282	130	3
2	283	131	3
2	284	132	3
2	285	133	3
2	286	134	3
2	287	135	3
2	288	136	4
2	289	137	4
2	290	138	4
2	291	139	4
2	292	140	4
2	293	141	4
2	294	142	4
2	295	143	4
2	296	144	4
2	297	145	4
2	298	146	4
2	299	147	4
2	300	148	4
2	301	149	4
2	302	150	4
2	303	151	4
2	304	152	4
2	305	153	4
2	306	154	4
2	307	155	4
2	308	156	5
2	309	157	5
2	310	158	5
2	311	159	5
2	312	160	5
2	313	161	5
2	314	162	5
2	315	163	5
2	316	164	5
2	317	165	5
2	318	166	5
2	319	167	5
2	320	168	5
2	321	169	5
2	322	170	5
2	323	171	5
2	324	172	5
2	325	173	5
2	326	174	5
2	327	175	5
2	328	176	5
2	329	177	5
2	330	178	5
2	331	179	5
2	332	180	5
2	333	181	5
2	334	182	5
2	335	183	5
3	336	1	5
3	337	2	5
3	338	3	5
3	339	4	5
3	340	5	5
3	341	6	5
3	342	7	5
3	343	8	5
3	344	9	5
3	345	10	5
3	346	11	5
3	347	12	5
3	348	13	5
3	349	14	5
3	350	15	5
3	351	16	5
3	352	17	5
3	353	18	5
3	354	19	5
3	355	20	5
3	356	21	5
3	357	22	5
3	358	23	5
3	359	24	5
3	360	25	5
3	361	26	5
3	362	27	5
3	363	28	5
3	364	29	5
3	365	30	5
3	366	31	5
3	367	32	5
3	368	33	5
3	369	34	5
3	370	35	5
3	371	36	5
3	372	37	5
3	373	38	5
3	374	39	5
3	375	40	5
3	376	41	5
3	377	42	5
3	378	43	5
3	379	44	5
3	380	45	5
3	381	46	5
3	382	47	5
3	383	48	5
3	384	49	5
3	385	50	5
3	386	51	5
3	387	52	5
3	388	53	5
3	389	54	5
3	390	55	5
3	391	56	5
3	392	57	5
3	393	58	5
3	394	59	5
3	395	60	5
3	396	61	5
3	397	62	5
3	398	63	5
3	399	64	5
3	400	65	5
3	401	66	5
3	402	67	5
3	403	68	5
3	404	69	5
3	405	70	7
3	406	71	7
3	407	72	7
3	408	73	7
3	409	74	7
3	410	75	7
3	411	76	7
3	412	77	7
3	413	78	7
3	414	79	7
3	415	80	7
3	416	81	7
3	417	82	7
3	418	83	7
3	419	84	7
3	420	85	7
3	421	86	7
3	422	87	7
3	423	88	7
3	424	89	7
3	425	90	7
3	426	91	7
3	427	92	7
3	428	93	7
3	429	94	7
3	430	95	7
3	431	96	7
3	432	97	7
3	433	98	7
3	434	99	7
3	435	100	7
3	436	101	7
3	437	102	7
3	438	103	7
4	439	1	5
4	440	2	5
4	441	3	5
4	442	4	5
4	443	5	5
4	444	6	5
4	445	7	5
4	446	8	5
4	447	9	5
4	448	10	5
4	449	11	5
4	450	12	5
4	451	13	5
4	452	14	5
4	453	15	5
4	454	16	5
4	455	17	5
4	456	18	5
4	457	19	5
4	458	20	5
4	459	21	5
4	460	22	5
4	461	23	5
4	462	24	5
4	463	25	5
4	464	26	5
4	465	27	5
4	466	28	5
4	467	29	5
4	468	30	5
4	469	31	5
4	470	32	5
4	471	33	5
4	472	34	5
4	473	35	5
4	474	36	5
4	475	37	5
4	476	38	5
4	477	39	5
4	478	40	5
4	479	41	4
4	480	42	4
4	481	43	4
4	482	44	4
4	483	45	4
4	484	46	4
4	485	47	4
4	486	48	4
4	487	49	4
4	488	50	4
4	489	51	4
4	490	52	4
4	491	53	4
4	492	54	4
4	493	55	4
4	494	56	4
4	495	57	4
4	496	58	4
4	497	59	4
4	498	60	4
4	499	61	4
4	500	62	4
4	501	63	4
4	502	64	4
4	503	65	4
4	504	66	4
4	505	67	4
4	506	68	4
4	507	69	4
4	508	70	4
4	509	71	6
4	510	72	6
4	511	73	6
4	512	74	6
4	513	75	6
4	514	76	6
4	515	77	6
4	516	78	6
4	517	79	6
4	518	80	6
4	519	81	6
4	520	82	6
4	521	83	6
4	522	84	7
4	523	85	7
4	524	86	7
4	525	87	7
4	526	88	7
4	527	89	7
4	528	90	7
4	529	91	7
4	530	92	7
4	531	93	7
4	532	94	7
4	533	95	7
4	534	96	7
4	535	97	7
4	536	98	7
4	537	99	6
4	538	100	6
4	539	101	6
4	540	102	6
4	541	103	6
4	542	104	6
4	543	105	6
4	544	106	6
4	545	107	6
4	546	108	6
4	547	109	6
4	548	110	6
4	549	111	7
4	550	112	7
4	551	113	7
4	552	114	7
4	553	115	7
4	554	116	7
4	555	117	6
4	556	118	6
4	557	119	6
4	558	120	6
4	559	121	6
4	560	122	6
4	561	123	6
4	562	124	6
4	563	125	6
4	564	126	6
4	565	127	6
4	566	128	6
4	567	129	6
4	568	130	6
4	569	131	6
4	570	132	6
4	571	133	6
4	572	134	6
4	573	135	6
4	574	136	6
4	575	137	6
4	576	138	6
4	577	139	6
4	578	140	6
4	579	141	6
4	580	142	6
4	581	143	6
4	582	144	6
4	583	145	6
4	584	146	6
4	585	147	6
4	586	148	6
4	587	149	6
4	588	150	6
4	589	151	6
4	590	152	6
4	591	153	6
4	592	154	6
4	593	155	6
4	594	156	6
4	595	157	6
4	596	158	6
4	597	159	6
4	598	160	6
4	599	161	6
4	600	162	6
4	601	163	6
4	602	164	6
