exon	relative_pos_in_circle	relative_pos_in_exon	coverage
5	1	1	7
5	2	2	7
5	3	3	7
5	4	4	7
5	5	5	7
5	6	6	7
5	7	7	7
5	8	8	7
5	9	9	7
5	10	10	7
5	11	11	7
5	12	12	7
5	13	13	7
5	14	14	7
5	15	15	7
5	16	16	7
5	17	17	7
5	18	18	7
5	19	19	7
5	20	20	7
5	21	21	7
5	22	22	7
5	23	23	7
5	24	24	7
5	25	25	7
5	26	26	7
5	27	27	7
5	28	28	7
5	29	29	7
5	30	30	7
5	31	31	7
5	32	32	7
5	33	33	7
5	34	34	7
5	35	35	7
5	36	36	7
5	37	37	7
5	38	38	7
5	39	39	7
5	40	40	7
5	41	41	7
5	42	42	7
5	43	43	7
5	44	44	7
5	45	45	7
5	46	46	7
5	47	47	7
5	48	48	7
5	49	49	7
5	50	50	7
5	51	51	7
5	52	52	7
5	53	53	7
5	54	54	7
5	55	55	7
5	56	56	7
5	57	57	7
5	58	58	7
5	59	59	7
5	60	60	7
5	61	61	7
5	62	62	7
5	63	63	7
5	64	64	7
5	65	65	7
5	66	66	7
5	67	67	7
5	68	68	7
5	69	69	7
5	70	70	7
5	71	71	7
5	72	72	7
5	73	73	7
5	74	74	7
5	75	75	7
5	76	76	7
5	77	77	7
5	78	78	7
5	79	79	7
5	80	80	7
5	81	81	7
5	82	82	7
5	83	83	7
5	84	84	7
5	85	85	7
5	86	86	7
5	87	87	7
5	88	88	8
5	89	89	8
5	90	90	8
5	91	91	8
5	92	92	8
5	93	93	8
5	94	94	8
5	95	95	8
5	96	96	7
5	97	97	7
5	98	98	7
5	99	99	7
5	100	100	7
5	101	101	7
5	102	102	7
5	103	103	7
5	104	104	7
5	105	105	7
5	106	106	7
5	107	107	7
5	108	108	7
5	109	109	7
5	110	110	7
5	111	111	7
5	112	112	6
5	113	113	6
5	114	114	6
5	115	115	6
5	116	116	6
5	117	117	6
5	118	118	6
5	119	119	6
5	120	120	6
5	121	121	6
5	122	122	6
5	123	123	6
5	124	124	7
5	125	125	7
5	126	126	7
5	127	127	7
5	128	128	7
5	129	129	7
5	130	130	7
5	131	131	7
5	132	132	7
5	133	133	7
5	134	134	7
5	135	135	7
5	136	136	7
5	137	137	7
5	138	138	7
5	139	139	7
5	140	140	7
5	141	141	7
5	142	142	7
5	143	143	7
5	144	144	7
5	145	145	7
5	146	146	6
5	147	147	6
5	148	148	6
5	149	149	6
5	150	150	6
5	151	151	6
5	152	152	6
5	153	153	6
5	154	154	6
5	155	155	6
5	156	156	6
5	157	157	6
5	158	158	6
5	159	159	6
5	160	160	6
5	161	161	6
5	162	162	6
5	163	163	6
5	164	164	6
5	165	165	6
5	166	166	6
5	167	167	6
5	168	168	6
5	169	169	6
5	170	170	6
5	171	171	6
5	172	172	6
5	173	173	6
5	174	174	6
5	175	175	6
5	176	176	6
5	177	177	6
5	178	178	6
5	179	179	6
5	180	180	6
5	181	181	6
5	182	182	6
5	183	183	6
5	184	184	6
5	185	185	6
5	186	186	6
5	187	187	6
5	188	188	6
5	189	189	6
5	190	190	6
5	191	191	6
5	192	192	6
5	193	193	6
5	194	194	6
5	195	195	6
5	196	196	6
5	197	197	6
5	198	198	6
5	199	199	6
5	200	200	4
5	201	201	4
5	202	202	4
5	203	203	4
5	204	204	4
5	205	205	4
5	206	206	4
5	207	207	4
6	208	1	4
6	209	2	4
6	210	3	4
6	211	4	4
6	212	5	4
6	213	6	4
6	214	7	5
6	215	8	5
6	216	9	6
6	217	10	6
6	218	11	6
6	219	12	6
6	220	13	6
6	221	14	6
6	222	15	6
6	223	16	6
6	224	17	6
6	225	18	6
6	226	19	4
6	227	20	4
6	228	21	4
6	229	22	4
6	230	23	4
6	231	24	4
6	232	25	4
6	233	26	4
6	234	27	4
6	235	28	4
6	236	29	4
6	237	30	4
6	238	31	4
6	239	32	4
6	240	33	4
6	241	34	4
6	242	35	4
6	243	36	4
6	244	37	4
6	245	38	4
6	246	39	4
6	247	40	5
6	248	41	5
6	249	42	5
6	250	43	5
6	251	44	5
6	252	45	5
6	253	46	5
6	254	47	5
6	255	48	5
6	256	49	5
6	257	50	5
6	258	51	5
6	259	52	5
6	260	53	5
6	261	54	5
6	262	55	5
6	263	56	5
6	264	57	5
6	265	58	5
6	266	59	5
6	267	60	5
6	268	61	5
6	269	62	5
6	270	63	5
6	271	64	5
6	272	65	5
6	273	66	5
6	274	67	5
6	275	68	5
6	276	69	5
6	277	70	5
6	278	71	5
6	279	72	5
6	280	73	5
6	281	74	5
6	282	75	5
6	283	76	5
6	284	77	5
6	285	78	5
6	286	79	5
6	287	80	5
6	288	81	5
6	289	82	5
6	290	83	5
6	291	84	5
6	292	85	5
6	293	86	5
6	294	87	5
6	295	88	5
6	296	89	5
6	297	90	5
6	298	91	5
6	299	92	5
6	300	93	5
6	301	94	5
6	302	95	5
6	303	96	5
6	304	97	5
6	305	98	5
6	306	99	5
6	307	100	5
6	308	101	5
6	309	102	5
6	310	103	5
6	311	104	5
6	312	105	5
6	313	106	5
6	314	107	5
6	315	108	5
6	316	109	5
6	317	110	5
6	318	111	5
6	319	112	5
6	320	113	5
6	321	114	5
6	322	115	5
6	323	116	5
6	324	117	5
6	325	118	5
6	326	119	5
6	327	120	5
6	328	121	5
6	329	122	5
6	330	123	5
6	331	124	5
6	332	125	5
6	333	126	5
6	334	127	5
6	335	128	5
6	336	129	5
6	337	130	4
6	338	131	4
6	339	132	4
6	340	133	4
6	341	134	4
6	342	135	4
6	343	136	4
6	344	137	4
6	345	138	4
6	346	139	4
6	347	140	4
6	348	141	4
6	349	142	4
6	350	143	4
6	351	144	4
6	352	145	4
7	353	1	4
7	354	2	4
7	355	3	4
7	356	4	4
7	357	5	4
7	358	6	4
7	359	7	4
7	360	8	4
7	361	9	4
7	362	10	4
7	363	11	4
7	364	12	4
7	365	13	4
7	366	14	4
7	367	15	4
7	368	16	4
7	369	17	4
7	370	18	4
7	371	19	4
7	372	20	4
7	373	21	3
7	374	22	3
7	375	23	3
7	376	24	3
7	377	25	3
7	378	26	3
7	379	27	3
7	380	28	3
7	381	29	3
7	382	30	3
7	383	31	3
7	384	32	3
7	385	33	3
7	386	34	3
7	387	35	3
7	388	36	3
7	389	37	3
7	390	38	3
7	391	39	3
7	392	40	3
7	393	41	3
7	394	42	3
7	395	43	3
7	396	44	3
7	397	45	3
7	398	46	3
7	399	47	3
7	400	48	3
7	401	49	3
7	402	50	3
7	403	51	3
7	404	52	3
7	405	53	3
7	406	54	3
7	407	55	3
7	408	56	3
7	409	57	3
7	410	58	3
7	411	59	3
7	412	60	3
7	413	61	3
7	414	62	3
7	415	63	3
7	416	64	3
7	417	65	3
7	418	66	3
7	419	67	3
7	420	68	3
7	421	69	3
7	422	70	3
7	423	71	3
7	424	72	3
7	425	73	3
7	426	74	3
7	427	75	3
7	428	76	3
7	429	77	3
7	430	78	3
7	431	79	3
7	432	80	3
7	433	81	3
7	434	82	3
7	435	83	3
7	436	84	3
7	437	85	3
7	438	86	3
7	439	87	3
7	440	88	3
7	441	89	3
7	442	90	3
7	443	91	3
7	444	92	3
7	445	93	3
7	446	94	3
7	447	95	3
7	448	96	3
7	449	97	3
7	450	98	3
7	451	99	3
7	452	100	3
7	453	101	3
7	454	102	3
7	455	103	3
7	456	104	2
7	457	105	2
7	458	106	2
7	459	107	2
7	460	108	2
7	461	109	2
7	462	110	2
7	463	111	1
7	464	112	1
7	465	113	0
7	466	114	0
7	467	115	0
7	468	116	0
7	469	117	0
7	470	118	0
7	471	119	0
7	472	120	0
7	473	121	0
7	474	122	0
7	475	123	0
7	476	124	0
7	477	125	0
7	478	126	0
7	479	127	0
7	480	128	0
7	481	129	0
7	482	130	0
7	483	131	0
7	484	132	0
7	485	133	0
7	486	134	0
7	487	135	0
7	488	136	0
7	489	137	0
7	490	138	0
7	491	139	0
7	492	140	0
7	493	141	0
7	494	142	0
7	495	143	0
7	496	144	0
7	497	145	0
7	498	146	0
7	499	147	0
7	500	148	0
7	501	149	0
7	502	150	0
7	503	151	0
7	504	152	0
7	505	153	0
7	506	154	0
7	507	155	0
8	508	1	0
8	509	2	0
8	510	3	0
8	511	4	0
8	512	5	0
8	513	6	0
8	514	7	0
8	515	8	0
8	516	9	0
8	517	10	0
8	518	11	0
8	519	12	0
8	520	13	0
8	521	14	0
8	522	15	0
8	523	16	0
8	524	17	0
8	525	18	0
8	526	19	0
8	527	20	0
8	528	21	0
8	529	22	0
8	530	23	0
8	531	24	0
8	532	25	0
8	533	26	0
8	534	27	0
8	535	28	0
8	536	29	0
8	537	30	0
8	538	31	0
8	539	32	0
8	540	33	0
8	541	34	0
8	542	35	0
8	543	36	0
8	544	37	0
8	545	38	0
8	546	39	0
8	547	40	0
8	548	41	0
8	549	42	1
8	550	43	1
8	551	44	1
8	552	45	1
8	553	46	1
8	554	47	1
8	555	48	1
8	556	49	1
8	557	50	1
8	558	51	1
8	559	52	1
8	560	53	1
8	561	54	1
8	562	55	1
8	563	56	1
8	564	57	1
8	565	58	2
8	566	59	2
8	567	60	2
8	568	61	2
8	569	62	2
8	570	63	2
8	571	64	2
8	572	65	2
8	573	66	2
8	574	67	2
8	575	68	2
8	576	69	2
8	577	70	2
8	578	71	2
8	579	72	2
8	580	73	2
8	581	74	2
8	582	75	2
8	583	76	2
8	584	77	2
8	585	78	2
8	586	79	2
8	587	80	2
8	588	81	2
8	589	82	2
8	590	83	2
8	591	84	2
8	592	85	2
8	593	86	2
8	594	87	2
8	595	88	2
8	596	89	2
8	597	90	2
8	598	91	2
8	599	92	3
8	600	93	3
8	601	94	3
8	602	95	3
8	603	96	3
8	604	97	3
8	605	98	3
8	606	99	3
8	607	100	3
8	608	101	3
8	609	102	3
8	610	103	3
8	611	104	3
8	612	105	3
8	613	106	3
8	614	107	3
8	615	108	3
8	616	109	3
8	617	110	3
8	618	111	3
8	619	112	3
8	620	113	3
8	621	114	3
8	622	115	3
8	623	116	3
8	624	117	3
8	625	118	3
8	626	119	3
8	627	120	3
8	628	121	3
8	629	122	3
8	630	123	3
8	631	124	3
8	632	125	3
8	633	126	3
8	634	127	3
8	635	128	3
8	636	129	3
8	637	130	3
8	638	131	3
8	639	132	3
8	640	133	3
8	641	134	3
8	642	135	3
8	643	136	3
8	644	137	3
8	645	138	3
8	646	139	3
8	647	140	3
8	648	141	3
8	649	142	3
8	650	143	3
8	651	144	3
8	652	145	3
8	653	146	4
8	654	147	4
8	655	148	4
8	656	149	4
8	657	150	4
8	658	151	4
8	659	152	4
8	660	153	4
8	661	154	4
8	662	155	4
8	663	156	4
8	664	157	4
8	665	158	4
8	666	159	4
8	667	160	4
8	668	161	4
8	669	162	4
8	670	163	4
8	671	164	4
8	672	165	4
8	673	166	4
8	674	167	4
8	675	168	4
8	676	169	4
8	677	170	4
8	678	171	4
8	679	172	4
8	680	173	5
8	681	174	5
8	682	175	5
8	683	176	5
8	684	177	5
8	685	178	5
8	686	179	5
8	687	180	5
8	688	181	5
8	689	182	5
8	690	183	5
8	691	184	5
8	692	185	5
8	693	186	5
8	694	187	5
8	695	188	5
8	696	189	5
8	697	190	5
8	698	191	5
8	699	192	5
8	700	193	5
8	701	194	5
8	702	195	5
