exon	relative_pos_in_circle	relative_pos_in_exon	coverage
0	1	1	3
0	2	2	3
0	3	3	3
0	4	4	2
0	5	5	2
0	6	6	2
0	7	7	2
0	8	8	2
0	9	9	2
0	10	10	2
0	11	11	2
0	12	12	2
0	13	13	2
0	14	14	2
0	15	15	2
0	16	16	2
0	17	17	2
0	18	18	2
0	19	19	2
0	20	20	2
0	21	21	2
0	22	22	2
0	23	23	2
0	24	24	2
0	25	25	2
0	26	26	2
0	27	27	2
0	28	28	2
0	29	29	2
0	30	30	2
0	31	31	2
0	32	32	2
0	33	33	2
0	34	34	2
0	35	35	2
0	36	36	2
0	37	37	2
0	38	38	2
0	39	39	2
0	40	40	2
0	41	41	2
0	42	42	2
0	43	43	2
0	44	44	2
0	45	45	2
0	46	46	2
0	47	47	2
0	48	48	2
0	49	49	2
0	50	50	2
0	51	51	2
0	52	52	2
0	53	53	2
0	54	54	2
0	55	55	2
0	56	56	2
0	57	57	2
0	58	58	2
0	59	59	2
0	60	60	2
0	61	61	2
0	62	62	2
0	63	63	2
0	64	64	2
0	65	65	2
0	66	66	2
0	67	67	2
0	68	68	2
0	69	69	2
0	70	70	2
0	71	71	2
0	72	72	2
0	73	73	2
0	74	74	2
0	75	75	2
0	76	76	2
0	77	77	2
0	78	78	2
0	79	79	2
0	80	80	2
0	81	81	2
0	82	82	2
0	83	83	2
0	84	84	2
0	85	85	2
0	86	86	2
0	87	87	2
0	88	88	2
0	89	89	2
0	90	90	2
0	91	91	2
0	92	92	2
0	93	93	2
0	94	94	2
0	95	95	2
0	96	96	2
0	97	97	2
0	98	98	2
0	99	99	2
0	100	100	2
0	101	101	2
0	102	102	2
0	103	103	2
0	104	104	2
0	105	105	2
0	106	106	2
0	107	107	2
0	108	108	2
0	109	109	2
0	110	110	2
0	111	111	2
0	112	112	2
0	113	113	2
0	114	114	2
0	115	115	2
0	116	116	2
0	117	117	2
0	118	118	2
0	119	119	2
0	120	120	2
0	121	121	2
0	122	122	2
0	123	123	2
0	124	124	2
0	125	125	2
0	126	126	2
0	127	127	2
0	128	128	2
0	129	129	2
0	130	130	2
0	131	131	2
0	132	132	2
0	133	133	2
0	134	134	2
0	135	135	2
0	136	136	2
0	137	137	2
0	138	138	2
0	139	139	2
0	140	140	2
0	141	141	2
0	142	142	2
0	143	143	2
0	144	144	2
0	145	145	2
0	146	146	2
0	147	147	2
0	148	148	2
0	149	149	2
0	150	150	2
0	151	151	2
0	152	152	2
0	153	153	2
0	154	154	2
0	155	155	2
0	156	156	2
0	157	157	2
0	158	158	2
0	159	159	2
0	160	160	2
0	161	161	2
0	162	162	2
0	163	163	2
0	164	164	2
0	165	165	2
0	166	166	2
0	167	167	2
0	168	168	2
0	169	169	2
0	170	170	2
0	171	171	2
0	172	172	2
0	173	173	2
0	174	174	1
0	175	175	1
0	176	176	1
0	177	177	1
0	178	178	1
0	179	179	1
0	180	180	1
0	181	181	1
0	182	182	1
0	183	183	1
0	184	184	1
0	185	185	1
0	186	186	1
0	187	187	1
0	188	188	1
0	189	189	1
0	190	190	1
0	191	191	1
0	192	192	1
0	193	193	1
0	194	194	1
0	195	195	1
0	196	196	1
0	197	197	1
0	198	198	1
0	199	199	1
0	200	200	1
0	201	201	1
0	202	202	1
0	203	203	1
0	204	204	1
0	205	205	1
0	206	206	1
0	207	207	1
0	208	208	1
0	209	209	1
0	210	210	1
0	211	211	1
0	212	212	1
0	213	213	1
0	214	214	1
0	215	215	1
0	216	216	1
0	217	217	1
0	218	218	0
0	219	219	0
0	220	220	0
0	221	221	0
0	222	222	0
0	223	223	0
0	224	224	0
0	225	225	0
0	226	226	0
0	227	227	0
0	228	228	0
0	229	229	0
0	230	230	0
0	231	231	0
0	232	232	0
0	233	233	0
0	234	234	0
0	235	235	0
0	236	236	0
0	237	237	0
0	238	238	0
0	239	239	0
0	240	240	0
0	241	241	0
0	242	242	0
0	243	243	0
0	244	244	0
0	245	245	0
0	246	246	0
0	247	247	0
0	248	248	0
0	249	249	0
0	250	250	0
0	251	251	0
0	252	252	0
0	253	253	0
0	254	254	0
0	255	255	0
0	256	256	0
0	257	257	0
0	258	258	0
0	259	259	0
0	260	260	0
0	261	261	0
0	262	262	0
0	263	263	0
0	264	264	0
0	265	265	0
0	266	266	0
0	267	267	0
0	268	268	0
0	269	269	0
0	270	270	0
0	271	271	0
0	272	272	0
0	273	273	0
0	274	274	0
0	275	275	0
0	276	276	0
0	277	277	0
0	278	278	0
0	279	279	0
0	280	280	0
0	281	281	0
0	282	282	0
0	283	283	0
0	284	284	0
0	285	285	0
0	286	286	0
0	287	287	0
0	288	288	0
0	289	289	0
0	290	290	0
0	291	291	0
0	292	292	0
0	293	293	0
0	294	294	0
0	295	295	0
0	296	296	0
0	297	297	0
0	298	298	0
0	299	299	0
0	300	300	0
0	301	301	0
0	302	302	0
0	303	303	0
0	304	304	0
0	305	305	0
0	306	306	0
0	307	307	0
0	308	308	0
0	309	309	0
0	310	310	0
0	311	311	0
0	312	312	0
0	313	313	0
0	314	314	0
0	315	315	0
0	316	316	0
0	317	317	0
0	318	318	0
0	319	319	0
0	320	320	0
0	321	321	0
0	322	322	0
0	323	323	0
0	324	324	0
0	325	325	0
0	326	326	0
0	327	327	0
0	328	328	0
0	329	329	0
0	330	330	0
0	331	331	0
0	332	332	0
0	333	333	0
0	334	334	0
0	335	335	0
0	336	336	0
0	337	337	0
0	338	338	0
0	339	339	0
0	340	340	0
0	341	341	0
0	342	342	0
0	343	343	0
0	344	344	0
0	345	345	0
0	346	346	0
0	347	347	0
0	348	348	0
0	349	349	0
0	350	350	0
0	351	351	0
0	352	352	0
0	353	353	0
0	354	354	0
0	355	355	0
0	356	356	0
0	357	357	0
0	358	358	0
0	359	359	0
0	360	360	0
0	361	361	0
0	362	362	0
0	363	363	0
0	364	364	0
0	365	365	0
0	366	366	0
0	367	367	0
0	368	368	0
0	369	369	0
0	370	370	0
0	371	371	0
0	372	372	0
0	373	373	0
0	374	374	0
0	375	375	0
0	376	376	0
0	377	377	0
0	378	378	0
0	379	379	0
0	380	380	0
0	381	381	0
0	382	382	0
0	383	383	0
0	384	384	0
0	385	385	0
0	386	386	0
0	387	387	0
0	388	388	0
0	389	389	0
0	390	390	0
0	391	391	0
0	392	392	0
0	393	393	0
0	394	394	0
0	395	395	0
0	396	396	0
0	397	397	0
0	398	398	0
0	399	399	0
0	400	400	0
0	401	401	0
0	402	402	0
0	403	403	0
0	404	404	0
0	405	405	0
0	406	406	0
0	407	407	0
0	408	408	0
0	409	409	0
0	410	410	0
0	411	411	0
0	412	412	0
0	413	413	0
0	414	414	0
0	415	415	0
0	416	416	0
0	417	417	0
0	418	418	0
0	419	419	0
0	420	420	0
0	421	421	0
0	422	422	0
0	423	423	0
0	424	424	0
0	425	425	0
0	426	426	0
0	427	427	0
0	428	428	0
0	429	429	0
0	430	430	0
0	431	431	0
0	432	432	0
0	433	433	0
0	434	434	0
0	435	435	0
0	436	436	0
0	437	437	0
0	438	438	0
0	439	439	0
0	440	440	0
0	441	441	0
0	442	442	0
0	443	443	0
0	444	444	0
0	445	445	0
0	446	446	0
0	447	447	0
0	448	448	0
0	449	449	0
0	450	450	0
0	451	451	0
0	452	452	0
0	453	453	0
0	454	454	0
0	455	455	0
0	456	456	0
0	457	457	0
0	458	458	0
0	459	459	0
0	460	460	0
0	461	461	0
0	462	462	0
0	463	463	0
0	464	464	0
0	465	465	0
0	466	466	0
0	467	467	0
0	468	468	0
0	469	469	0
0	470	470	0
0	471	471	0
0	472	472	0
0	473	473	0
0	474	474	0
0	475	475	0
0	476	476	0
0	477	477	0
0	478	478	0
0	479	479	0
0	480	480	0
0	481	481	0
0	482	482	0
0	483	483	0
0	484	484	0
0	485	485	0
0	486	486	0
0	487	487	0
0	488	488	0
0	489	489	0
0	490	490	0
0	491	491	0
0	492	492	0
0	493	493	0
0	494	494	0
0	495	495	0
0	496	496	0
0	497	497	0
0	498	498	0
0	499	499	0
0	500	500	0
0	501	501	0
0	502	502	0
0	503	503	0
0	504	504	0
0	505	505	0
0	506	506	0
0	507	507	0
0	508	508	0
0	509	509	0
0	510	510	0
0	511	511	0
0	512	512	0
0	513	513	0
0	514	514	0
0	515	515	0
0	516	516	0
0	517	517	0
0	518	518	0
0	519	519	0
0	520	520	0
0	521	521	0
0	522	522	0
0	523	523	0
0	524	524	0
0	525	525	0
0	526	526	0
0	527	527	0
0	528	528	0
0	529	529	0
0	530	530	0
0	531	531	0
0	532	532	0
0	533	533	0
0	534	534	0
0	535	535	0
0	536	536	0
0	537	537	0
0	538	538	0
0	539	539	0
0	540	540	0
0	541	541	0
0	542	542	0
0	543	543	0
0	544	544	0
0	545	545	0
0	546	546	0
0	547	547	0
0	548	548	0
0	549	549	0
0	550	550	0
0	551	551	0
0	552	552	0
0	553	553	0
0	554	554	0
0	555	555	0
0	556	556	0
0	557	557	0
0	558	558	0
0	559	559	0
0	560	560	0
0	561	561	0
0	562	562	0
0	563	563	0
0	564	564	0
0	565	565	0
0	566	566	0
0	567	567	0
0	568	568	0
0	569	569	0
0	570	570	0
0	571	571	0
0	572	572	0
0	573	573	0
0	574	574	0
0	575	575	0
0	576	576	0
0	577	577	0
0	578	578	0
0	579	579	0
0	580	580	0
0	581	581	0
0	582	582	0
0	583	583	0
0	584	584	0
0	585	585	0
0	586	586	0
0	587	587	0
0	588	588	0
0	589	589	0
0	590	590	0
0	591	591	0
0	592	592	0
0	593	593	0
0	594	594	0
0	595	595	0
0	596	596	0
0	597	597	0
0	598	598	0
0	599	599	0
0	600	600	0
0	601	601	0
0	602	602	0
0	603	603	0
0	604	604	0
0	605	605	0
0	606	606	0
0	607	607	0
0	608	608	0
0	609	609	0
0	610	610	0
0	611	611	0
0	612	612	0
0	613	613	0
0	614	614	0
0	615	615	0
0	616	616	0
0	617	617	0
0	618	618	0
0	619	619	0
0	620	620	0
0	621	621	0
0	622	622	0
0	623	623	0
0	624	624	0
0	625	625	0
0	626	626	0
0	627	627	0
0	628	628	0
0	629	629	0
0	630	630	0
0	631	631	0
0	632	632	0
0	633	633	0
0	634	634	0
0	635	635	0
0	636	636	0
0	637	637	0
0	638	638	0
0	639	639	0
0	640	640	0
0	641	641	0
0	642	642	0
0	643	643	0
0	644	644	0
0	645	645	0
0	646	646	0
0	647	647	0
0	648	648	0
0	649	649	0
0	650	650	0
0	651	651	0
0	652	652	0
0	653	653	0
0	654	654	0
0	655	655	0
0	656	656	0
0	657	657	0
0	658	658	0
0	659	659	0
0	660	660	0
0	661	661	0
0	662	662	0
0	663	663	0
0	664	664	0
0	665	665	0
0	666	666	0
0	667	667	0
0	668	668	0
0	669	669	0
0	670	670	0
0	671	671	0
0	672	672	0
0	673	673	0
0	674	674	0
0	675	675	0
0	676	676	0
0	677	677	0
0	678	678	0
0	679	679	0
0	680	680	0
0	681	681	0
0	682	682	0
0	683	683	0
0	684	684	0
0	685	685	0
0	686	686	0
0	687	687	0
0	688	688	0
0	689	689	0
0	690	690	0
0	691	691	0
0	692	692	0
0	693	693	0
0	694	694	0
0	695	695	0
0	696	696	0
0	697	697	0
0	698	698	0
0	699	699	0
0	700	700	0
0	701	701	0
0	702	702	0
0	703	703	0
0	704	704	0
0	705	705	0
0	706	706	0
0	707	707	0
0	708	708	0
0	709	709	0
0	710	710	0
0	711	711	0
0	712	712	0
0	713	713	0
0	714	714	0
0	715	715	0
0	716	716	0
0	717	717	0
0	718	718	0
0	719	719	0
0	720	720	0
0	721	721	0
0	722	722	0
0	723	723	0
0	724	724	0
0	725	725	0
0	726	726	0
0	727	727	0
0	728	728	0
0	729	729	0
0	730	730	0
0	731	731	0
0	732	732	0
0	733	733	0
0	734	734	0
0	735	735	0
0	736	736	0
0	737	737	0
0	738	738	0
0	739	739	0
0	740	740	0
0	741	741	0
0	742	742	0
0	743	743	0
0	744	744	0
0	745	745	0
0	746	746	0
0	747	747	0
0	748	748	0
0	749	749	0
0	750	750	0
0	751	751	0
0	752	752	0
0	753	753	0
0	754	754	0
0	755	755	0
0	756	756	0
0	757	757	0
0	758	758	0
0	759	759	0
0	760	760	0
0	761	761	0
0	762	762	0
0	763	763	0
0	764	764	0
0	765	765	0
0	766	766	0
0	767	767	0
0	768	768	0
0	769	769	0
0	770	770	0
0	771	771	0
0	772	772	0
0	773	773	0
0	774	774	0
0	775	775	0
0	776	776	0
0	777	777	0
0	778	778	0
0	779	779	0
0	780	780	0
0	781	781	0
0	782	782	0
0	783	783	0
0	784	784	0
0	785	785	0
0	786	786	0
0	787	787	0
0	788	788	0
0	789	789	0
0	790	790	0
0	791	791	0
0	792	792	0
0	793	793	0
0	794	794	0
0	795	795	0
0	796	796	0
0	797	797	0
0	798	798	0
0	799	799	0
0	800	800	0
0	801	801	0
0	802	802	0
0	803	803	0
0	804	804	0
0	805	805	0
0	806	806	0
0	807	807	0
0	808	808	0
0	809	809	0
0	810	810	0
0	811	811	0
0	812	812	0
0	813	813	0
0	814	814	0
0	815	815	0
0	816	816	0
0	817	817	0
0	818	818	0
0	819	819	0
0	820	820	0
0	821	821	0
0	822	822	0
0	823	823	0
0	824	824	0
0	825	825	0
0	826	826	0
0	827	827	0
0	828	828	0
0	829	829	0
0	830	830	0
0	831	831	0
0	832	832	0
0	833	833	0
0	834	834	0
0	835	835	0
0	836	836	0
0	837	837	0
0	838	838	0
0	839	839	0
0	840	840	0
0	841	841	0
0	842	842	0
0	843	843	0
0	844	844	0
0	845	845	0
0	846	846	0
0	847	847	0
0	848	848	0
0	849	849	0
0	850	850	0
0	851	851	0
0	852	852	0
0	853	853	0
0	854	854	0
0	855	855	0
0	856	856	0
0	857	857	0
0	858	858	0
0	859	859	0
0	860	860	0
0	861	861	0
0	862	862	0
0	863	863	0
0	864	864	0
0	865	865	0
0	866	866	0
0	867	867	0
0	868	868	0
0	869	869	0
0	870	870	0
0	871	871	0
0	872	872	0
0	873	873	0
0	874	874	1
0	875	875	1
0	876	876	1
0	877	877	1
0	878	878	1
0	879	879	1
0	880	880	1
0	881	881	1
0	882	882	1
0	883	883	1
0	884	884	1
0	885	885	1
0	886	886	1
0	887	887	1
0	888	888	1
0	889	889	1
0	890	890	1
0	891	891	1
0	892	892	1
0	893	893	1
0	894	894	1
0	895	895	1
0	896	896	1
0	897	897	1
0	898	898	1
0	899	899	1
0	900	900	1
0	901	901	1
0	902	902	1
0	903	903	1
0	904	904	1
0	905	905	1
0	906	906	1
0	907	907	1
0	908	908	1
0	909	909	1
0	910	910	1
0	911	911	1
0	912	912	1
0	913	913	1
0	914	914	1
0	915	915	1
0	916	916	1
0	917	917	1
0	918	918	1
0	919	919	1
0	920	920	1
0	921	921	1
0	922	922	1
0	923	923	1
0	924	924	1
0	925	925	1
0	926	926	1
0	927	927	1
0	928	928	1
0	929	929	1
0	930	930	1
0	931	931	1
0	932	932	1
0	933	933	1
0	934	934	1
0	935	935	1
0	936	936	1
0	937	937	1
0	938	938	1
0	939	939	1
0	940	940	1
0	941	941	1
0	942	942	1
0	943	943	1
0	944	944	1
0	945	945	1
0	946	946	1
0	947	947	1
0	948	948	1
0	949	949	1
0	950	950	1
0	951	951	1
0	952	952	1
0	953	953	1
0	954	954	1
0	955	955	1
0	956	956	1
0	957	957	1
0	958	958	1
0	959	959	1
0	960	960	1
0	961	961	1
0	962	962	1
0	963	963	1
0	964	964	1
0	965	965	1
0	966	966	1
0	967	967	2
0	968	968	2
0	969	969	2
0	970	970	2
0	971	971	2
0	972	972	2
0	973	973	2
0	974	974	2
0	975	975	2
0	976	976	2
0	977	977	2
0	978	978	2
0	979	979	2
0	980	980	2
0	981	981	2
0	982	982	2
0	983	983	2
0	984	984	2
0	985	985	2
0	986	986	2
0	987	987	2
0	988	988	2
0	989	989	2
0	990	990	2
0	991	991	2
0	992	992	2
0	993	993	2
0	994	994	2
0	995	995	2
0	996	996	2
0	997	997	2
0	998	998	2
0	999	999	2
0	1000	1000	2
0	1001	1001	2
0	1002	1002	2
0	1003	1003	2
0	1004	1004	2
0	1005	1005	2
0	1006	1006	2
0	1007	1007	2
0	1008	1008	2
0	1009	1009	2
0	1010	1010	2
0	1011	1011	2
0	1012	1012	2
0	1013	1013	2
0	1014	1014	2
0	1015	1015	2
0	1016	1016	2
0	1017	1017	2
0	1018	1018	2
0	1019	1019	2
0	1020	1020	2
0	1021	1021	2
0	1022	1022	2
0	1023	1023	2
0	1024	1024	2
0	1025	1025	2
0	1026	1026	2
0	1027	1027	2
0	1028	1028	2
0	1029	1029	2
0	1030	1030	2
0	1031	1031	2
0	1032	1032	2
0	1033	1033	3
0	1034	1034	3
0	1035	1035	3
0	1036	1036	3
0	1037	1037	3
0	1038	1038	3
0	1039	1039	3
0	1040	1040	3
0	1041	1041	3
0	1042	1042	3
0	1043	1043	3
0	1044	1044	3
0	1045	1045	3
0	1046	1046	3
0	1047	1047	3
0	1048	1048	3
0	1049	1049	3
0	1050	1050	3
0	1051	1051	3
0	1052	1052	3
0	1053	1053	3
0	1054	1054	3
0	1055	1055	3
0	1056	1056	3
0	1057	1057	3
0	1058	1058	3
0	1059	1059	3
0	1060	1060	3
0	1061	1061	3
0	1062	1062	3
0	1063	1063	3
0	1064	1064	3
0	1065	1065	3
0	1066	1066	3
0	1067	1067	3
0	1068	1068	3
0	1069	1069	3
0	1070	1070	3
0	1071	1071	3
0	1072	1072	3
0	1073	1073	3
0	1074	1074	3
0	1075	1075	3
0	1076	1076	3
0	1077	1077	3
0	1078	1078	3
0	1079	1079	3
0	1080	1080	3
0	1081	1081	3
0	1082	1082	3
0	1083	1083	3
0	1084	1084	3
0	1085	1085	3
0	1086	1086	3
0	1087	1087	3
0	1088	1088	3
0	1089	1089	3
0	1090	1090	3
0	1091	1091	3
0	1092	1092	3
0	1093	1093	3
0	1094	1094	3
0	1095	1095	4
0	1096	1096	4
0	1097	1097	4
0	1098	1098	4
0	1099	1099	4
0	1100	1100	4
0	1101	1101	4
0	1102	1102	4
0	1103	1103	4
0	1104	1104	4
0	1105	1105	4
0	1106	1106	4
0	1107	1107	4
0	1108	1108	4
0	1109	1109	4
0	1110	1110	4
0	1111	1111	4
0	1112	1112	4
0	1113	1113	4
0	1114	1114	4
0	1115	1115	4
0	1116	1116	4
0	1117	1117	4
0	1118	1118	4
0	1119	1119	4
0	1120	1120	4
0	1121	1121	4
0	1122	1122	4
0	1123	1123	3
0	1124	1124	3
0	1125	1125	3
0	1126	1126	3
0	1127	1127	3
0	1128	1128	3
0	1129	1129	3
0	1130	1130	3
0	1131	1131	3
0	1132	1132	3
0	1133	1133	3
0	1134	1134	3
0	1135	1135	3
0	1136	1136	3
0	1137	1137	3
0	1138	1138	3
0	1139	1139	3
0	1140	1140	3
0	1141	1141	3
0	1142	1142	3
0	1143	1143	3
0	1144	1144	3
0	1145	1145	3
0	1146	1146	3
0	1147	1147	3
0	1148	1148	3
0	1149	1149	3
0	1150	1150	3
0	1151	1151	3
0	1152	1152	3
0	1153	1153	4
0	1154	1154	4
0	1155	1155	4
0	1156	1156	4
0	1157	1157	4
0	1158	1158	4
0	1159	1159	4
0	1160	1160	4
0	1161	1161	4
0	1162	1162	4
0	1163	1163	4
0	1164	1164	4
0	1165	1165	4
0	1166	1166	4
0	1167	1167	4
0	1168	1168	4
0	1169	1169	4
0	1170	1170	4
0	1171	1171	4
0	1172	1172	4
0	1173	1173	4
0	1174	1174	4
0	1175	1175	4
0	1176	1176	4
0	1177	1177	4
0	1178	1178	4
0	1179	1179	4
0	1180	1180	4
0	1181	1181	4
0	1182	1182	4
0	1183	1183	4
0	1184	1184	4
0	1185	1185	5
0	1186	1186	5
0	1187	1187	5
0	1188	1188	5
0	1189	1189	5
0	1190	1190	5
0	1191	1191	5
0	1192	1192	5
0	1193	1193	5
0	1194	1194	5
0	1195	1195	5
0	1196	1196	5
0	1197	1197	5
0	1198	1198	5
0	1199	1199	5
0	1200	1200	5
0	1201	1201	5
0	1202	1202	5
0	1203	1203	5
0	1204	1204	5
0	1205	1205	5
0	1206	1206	5
0	1207	1207	5
0	1208	1208	5
0	1209	1209	5
0	1210	1210	5
0	1211	1211	5
0	1212	1212	4
0	1213	1213	4
0	1214	1214	4
0	1215	1215	5
0	1216	1216	5
0	1217	1217	5
0	1218	1218	5
0	1219	1219	5
0	1220	1220	5
0	1221	1221	5
0	1222	1222	5
0	1223	1223	5
0	1224	1224	5
0	1225	1225	5
0	1226	1226	5
0	1227	1227	5
0	1228	1228	5
0	1229	1229	5
0	1230	1230	5
0	1231	1231	5
0	1232	1232	5
0	1233	1233	5
0	1234	1234	5
0	1235	1235	5
0	1236	1236	5
0	1237	1237	5
0	1238	1238	5
0	1239	1239	5
0	1240	1240	5
0	1241	1241	5
0	1242	1242	5
0	1243	1243	5
0	1244	1244	5
0	1245	1245	5
0	1246	1246	5
0	1247	1247	5
0	1248	1248	5
0	1249	1249	5
0	1250	1250	5
0	1251	1251	5
0	1252	1252	5
0	1253	1253	5
0	1254	1254	5
0	1255	1255	5
0	1256	1256	5
0	1257	1257	5
0	1258	1258	5
0	1259	1259	5
0	1260	1260	5
0	1261	1261	5
0	1262	1262	5
0	1263	1263	5
0	1264	1264	5
0	1265	1265	5
0	1266	1266	5
0	1267	1267	5
0	1268	1268	5
0	1269	1269	5
0	1270	1270	8
0	1271	1271	8
0	1272	1272	9
0	1273	1273	9
0	1274	1274	9
0	1275	1275	9
0	1276	1276	9
0	1277	1277	9
0	1278	1278	9
0	1279	1279	9
0	1280	1280	9
0	1281	1281	9
0	1282	1282	8
0	1283	1283	8
0	1284	1284	8
0	1285	1285	8
0	1286	1286	8
0	1287	1287	8
0	1288	1288	8
0	1289	1289	8
0	1290	1290	9
0	1291	1291	9
0	1292	1292	9
0	1293	1293	9
0	1294	1294	9
0	1295	1295	9
0	1296	1296	9
0	1297	1297	9
0	1298	1298	9
0	1299	1299	9
0	1300	1300	9
0	1301	1301	9
0	1302	1302	9
0	1303	1303	9
0	1304	1304	9
0	1305	1305	9
0	1306	1306	9
0	1307	1307	9
0	1308	1308	9
0	1309	1309	9
0	1310	1310	9
0	1311	1311	9
0	1312	1312	9
0	1313	1313	9
0	1314	1314	9
0	1315	1315	9
0	1316	1316	9
0	1317	1317	9
0	1318	1318	9
0	1319	1319	9
0	1320	1320	9
0	1321	1321	9
0	1322	1322	9
0	1323	1323	9
0	1324	1324	9
0	1325	1325	9
0	1326	1326	9
0	1327	1327	9
0	1328	1328	9
0	1329	1329	9
0	1330	1330	9
0	1331	1331	9
0	1332	1332	9
0	1333	1333	9
0	1334	1334	9
0	1335	1335	9
0	1336	1336	9
0	1337	1337	9
0	1338	1338	9
0	1339	1339	9
0	1340	1340	9
0	1341	1341	9
0	1342	1342	10
0	1343	1343	10
0	1344	1344	9
0	1345	1345	9
0	1346	1346	9
0	1347	1347	9
0	1348	1348	9
0	1349	1349	9
0	1350	1350	9
0	1351	1351	9
0	1352	1352	9
0	1353	1353	9
0	1354	1354	9
0	1355	1355	9
0	1356	1356	9
0	1357	1357	9
0	1358	1358	9
0	1359	1359	9
0	1360	1360	9
0	1361	1361	9
0	1362	1362	9
0	1363	1363	9
0	1364	1364	9
0	1365	1365	9
0	1366	1366	9
0	1367	1367	9
0	1368	1368	9
0	1369	1369	9
0	1370	1370	9
0	1371	1371	9
0	1372	1372	9
0	1373	1373	9
0	1374	1374	9
0	1375	1375	9
0	1376	1376	9
0	1377	1377	9
0	1378	1378	9
0	1379	1379	11
0	1380	1380	11
0	1381	1381	13
0	1382	1382	15
0	1383	1383	15
0	1384	1384	15
0	1385	1385	15
0	1386	1386	15
0	1387	1387	15
0	1388	1388	15
0	1389	1389	17
0	1390	1390	19
0	1391	1391	19
0	1392	1392	19
0	1393	1393	19
0	1394	1394	19
0	1395	1395	19
0	1396	1396	19
0	1397	1397	19
0	1398	1398	19
0	1399	1399	19
0	1400	1400	19
0	1401	1401	19
0	1402	1402	18
0	1403	1403	18
0	1404	1404	18
0	1405	1405	18
0	1406	1406	18
0	1407	1407	18
0	1408	1408	18
0	1409	1409	18
0	1410	1410	20
0	1411	1411	20
0	1412	1412	20
0	1413	1413	20
0	1414	1414	20
0	1415	1415	22
0	1416	1416	22
0	1417	1417	22
0	1418	1418	22
0	1419	1419	22
0	1420	1420	22
0	1421	1421	22
0	1422	1422	22
0	1423	1423	22
0	1424	1424	22
0	1425	1425	22
0	1426	1426	22
0	1427	1427	22
0	1428	1428	22
0	1429	1429	22
0	1430	1430	22
0	1431	1431	22
0	1432	1432	22
0	1433	1433	22
0	1434	1434	21
0	1435	1435	21
0	1436	1436	21
0	1437	1437	21
0	1438	1438	21
0	1439	1439	21
0	1440	1440	21
0	1441	1441	21
0	1442	1442	21
0	1443	1443	22
0	1444	1444	23
0	1445	1445	24
0	1446	1446	24
0	1447	1447	24
0	1448	1448	24
0	1449	1449	24
0	1450	1450	25
0	1451	1451	26
0	1452	1452	26
0	1453	1453	28
0	1454	1454	29
0	1455	1455	29
0	1456	1456	29
0	1457	1457	31
0	1458	1458	31
0	1459	1459	31
0	1460	1460	31
0	1461	1461	31
0	1462	1462	31
0	1463	1463	31
0	1464	1464	30
0	1465	1465	30
0	1466	1466	30
0	1467	1467	31
0	1468	1468	31
0	1469	1469	31
0	1470	1470	31
0	1471	1471	31
0	1472	1472	33
0	1473	1473	33
0	1474	1474	33
0	1475	1475	33
0	1476	1476	33
0	1477	1477	33
0	1478	1478	33
0	1479	1479	33
0	1480	1480	33
0	1481	1481	33
0	1482	1482	33
0	1483	1483	33
0	1484	1484	33
0	1485	1485	33
0	1486	1486	33
0	1487	1487	33
0	1488	1488	33
0	1489	1489	33
0	1490	1490	33
0	1491	1491	33
0	1492	1492	33
0	1493	1493	33
0	1494	1494	33
0	1495	1495	33
0	1496	1496	33
0	1497	1497	33
0	1498	1498	33
0	1499	1499	33
0	1500	1500	33
0	1501	1501	33
0	1502	1502	34
0	1503	1503	34
0	1504	1504	34
0	1505	1505	35
0	1506	1506	35
0	1507	1507	36
0	1508	1508	36
0	1509	1509	36
0	1510	1510	36
0	1511	1511	36
0	1512	1512	36
0	1513	1513	36
0	1514	1514	37
0	1515	1515	37
0	1516	1516	37
0	1517	1517	38
0	1518	1518	37
0	1519	1519	35
0	1520	1520	35
0	1521	1521	34
0	1522	1522	34
0	1523	1523	34
0	1524	1524	34
0	1525	1525	34
0	1526	1526	36
0	1527	1527	36
0	1528	1528	36
0	1529	1529	37
0	1530	1530	37
0	1531	1531	37
0	1532	1532	38
0	1533	1533	38
0	1534	1534	38
0	1535	1535	38
0	1536	1536	39
0	1537	1537	39
0	1538	1538	39
0	1539	1539	38
0	1540	1540	38
0	1541	1541	38
0	1542	1542	38
0	1543	1543	38
0	1544	1544	38
0	1545	1545	38
0	1546	1546	38
0	1547	1547	38
0	1548	1548	39
0	1549	1549	39
0	1550	1550	39
0	1551	1551	39
0	1552	1552	39
0	1553	1553	39
0	1554	1554	39
0	1555	1555	39
0	1556	1556	39
0	1557	1557	39
0	1558	1558	39
0	1559	1559	39
0	1560	1560	39
0	1561	1561	39
0	1562	1562	39
0	1563	1563	39
0	1564	1564	39
0	1565	1565	39
0	1566	1566	39
0	1567	1567	39
0	1568	1568	39
0	1569	1569	39
0	1570	1570	39
0	1571	1571	39
0	1572	1572	39
0	1573	1573	39
0	1574	1574	39
0	1575	1575	40
0	1576	1576	40
0	1577	1577	40
0	1578	1578	40
0	1579	1579	41
0	1580	1580	42
0	1581	1581	42
0	1582	1582	42
0	1583	1583	42
0	1584	1584	42
0	1585	1585	42
0	1586	1586	42
0	1587	1587	42
0	1588	1588	42
0	1589	1589	42
0	1590	1590	42
0	1591	1591	41
0	1592	1592	41
0	1593	1593	41
0	1594	1594	41
0	1595	1595	41
0	1596	1596	41
0	1597	1597	41
0	1598	1598	41
0	1599	1599	41
0	1600	1600	41
0	1601	1601	41
0	1602	1602	41
0	1603	1603	41
0	1604	1604	41
0	1605	1605	41
0	1606	1606	41
0	1607	1607	41
0	1608	1608	41
0	1609	1609	41
