exon	relative_pos_in_circle	relative_pos_in_exon	coverage
6	1	1	4
6	2	2	4
6	3	3	4
6	4	4	4
6	5	5	4
6	6	6	4
6	7	7	4
6	8	8	4
6	9	9	4
6	10	10	4
6	11	11	4
6	12	12	4
6	13	13	4
6	14	14	4
6	15	15	4
6	16	16	4
6	17	17	4
6	18	18	4
6	19	19	4
6	20	20	4
6	21	21	4
6	22	22	4
6	23	23	4
6	24	24	4
6	25	25	4
6	26	26	4
6	27	27	4
6	28	28	4
6	29	29	4
6	30	30	4
6	31	31	4
6	32	32	4
6	33	33	4
6	34	34	4
6	35	35	4
6	36	36	4
6	37	37	4
6	38	38	4
6	39	39	4
6	40	40	4
6	41	41	4
6	42	42	4
6	43	43	4
6	44	44	4
6	45	45	4
6	46	46	4
6	47	47	4
6	48	48	4
6	49	49	4
6	50	50	4
6	51	51	4
6	52	52	4
6	53	53	4
6	54	54	4
6	55	55	4
6	56	56	4
6	57	57	4
6	58	58	4
6	59	59	4
6	60	60	4
6	61	61	4
6	62	62	4
6	63	63	4
6	64	64	4
6	65	65	4
6	66	66	4
6	67	67	4
6	68	68	4
6	69	69	4
6	70	70	4
6	71	71	4
6	72	72	4
6	73	73	4
6	74	74	4
6	75	75	4
6	76	76	4
6	77	77	4
6	78	78	4
6	79	79	4
6	80	80	4
6	81	81	4
6	82	82	4
6	83	83	4
6	84	84	4
6	85	85	4
6	86	86	4
6	87	87	4
6	88	88	4
6	89	89	4
6	90	90	4
7	91	1	4
7	92	2	4
7	93	3	4
7	94	4	4
7	95	5	4
7	96	6	4
7	97	7	4
7	98	8	4
7	99	9	4
7	100	10	4
7	101	11	4
7	102	12	4
7	103	13	4
7	104	14	4
7	105	15	4
7	106	16	4
7	107	17	4
7	108	18	4
7	109	19	4
7	110	20	4
7	111	21	4
7	112	22	4
7	113	23	4
7	114	24	4
7	115	25	4
7	116	26	4
7	117	27	4
7	118	28	4
7	119	29	4
7	120	30	4
7	121	31	4
7	122	32	4
7	123	33	4
7	124	34	4
7	125	35	4
7	126	36	4
7	127	37	4
7	128	38	4
7	129	39	4
7	130	40	4
7	131	41	4
7	132	42	4
7	133	43	4
7	134	44	4
7	135	45	4
7	136	46	4
7	137	47	4
7	138	48	4
7	139	49	4
7	140	50	4
7	141	51	4
7	142	52	4
7	143	53	4
7	144	54	4
7	145	55	4
7	146	56	4
7	147	57	4
7	148	58	4
7	149	59	4
7	150	60	4
7	151	61	4
7	152	62	4
7	153	63	4
7	154	64	4
7	155	65	4
7	156	66	4
7	157	67	4
7	158	68	4
7	159	69	4
7	160	70	4
7	161	71	4
7	162	72	4
7	163	73	4
7	164	74	4
7	165	75	4
7	166	76	3
7	167	77	3
7	168	78	3
7	169	79	3
7	170	80	3
7	171	81	3
7	172	82	3
7	173	83	3
7	174	84	3
7	175	85	3
7	176	86	3
7	177	87	3
7	178	88	3
7	179	89	3
7	180	90	3
7	181	91	3
7	182	92	3
7	183	93	3
7	184	94	3
7	185	95	3
7	186	96	3
7	187	97	3
7	188	98	1
7	189	99	1
7	190	100	1
7	191	101	1
7	192	102	1
7	193	103	1
7	194	104	1
7	195	105	1
7	196	106	1
7	197	107	1
7	198	108	1
7	199	109	1
7	200	110	1
7	201	111	1
8	202	0	0
8	203	1	0
8	204	2	0
8	205	3	0
8	206	4	0
8	207	5	0
8	208	6	0
8	209	7	0
8	210	8	0
8	211	9	0
8	212	10	0
8	213	11	0
8	214	12	0
8	215	13	0
8	216	14	0
8	217	15	0
8	218	16	0
8	219	17	0
8	220	18	0
8	221	19	0
8	222	20	0
8	223	21	0
8	224	22	0
8	225	23	0
8	226	24	0
8	227	25	0
8	228	26	0
8	229	27	0
8	230	28	0
8	231	29	0
8	232	30	0
8	233	31	0
8	234	32	0
8	235	33	0
8	236	34	0
8	237	35	0
8	238	36	0
8	239	37	0
8	240	38	0
8	241	39	0
8	242	40	0
8	243	41	0
8	244	42	0
8	245	43	0
8	246	44	0
8	247	45	0
8	248	46	0
8	249	47	0
8	250	48	0
8	251	49	0
9	252	1	0
9	253	2	0
9	254	3	0
9	255	4	0
9	256	5	0
9	257	6	0
9	258	7	0
9	259	8	0
9	260	9	0
9	261	10	0
9	262	11	0
9	263	12	0
9	264	13	0
9	265	14	0
9	266	15	0
9	267	16	0
9	268	17	0
9	269	18	0
9	270	19	0
9	271	20	0
9	272	21	0
9	273	22	0
9	274	23	0
9	275	24	0
9	276	25	0
9	277	26	0
9	278	27	0
9	279	28	0
9	280	29	0
9	281	30	0
9	282	31	0
9	283	32	0
9	284	33	0
9	285	34	0
9	286	35	0
9	287	36	0
9	288	37	0
9	289	38	0
9	290	39	0
9	291	40	0
9	292	41	0
9	293	42	0
9	294	43	0
9	295	44	0
9	296	45	0
9	297	46	0
9	298	47	0
9	299	48	0
9	300	49	0
9	301	50	0
9	302	51	0
9	303	52	0
9	304	53	0
9	305	54	0
9	306	55	0
9	307	56	0
9	308	57	0
9	309	58	0
9	310	59	0
9	311	60	0
9	312	61	0
9	313	62	0
9	314	63	0
9	315	64	0
9	316	65	0
9	317	66	0
9	318	67	0
9	319	68	0
9	320	69	0
9	321	70	0
9	322	71	0
9	323	72	0
9	324	73	0
9	325	74	0
9	326	75	0
9	327	76	0
9	328	77	0
9	329	78	0
9	330	79	0
9	331	80	0
9	332	81	0
9	333	82	0
9	334	83	0
9	335	84	0
9	336	85	0
9	337	86	0
9	338	87	0
9	339	88	0
9	340	89	0
9	341	90	0
9	342	91	0
9	343	92	0
9	344	93	0
9	345	94	0
9	346	95	0
9	347	96	0
9	348	97	0
9	349	98	0
9	350	99	0
9	351	100	0
9	352	101	0
9	353	102	0
9	354	103	0
9	355	104	0
9	356	105	0
9	357	106	0
9	358	107	0
9	359	108	0
9	360	109	0
9	361	110	0
9	362	111	0
9	363	112	0
9	364	113	0
9	365	114	0
9	366	115	0
9	367	116	0
9	368	117	0
9	369	118	0
9	370	119	0
9	371	120	0
9	372	121	0
9	373	122	0
9	374	123	0
9	375	124	0
9	376	125	0
9	377	126	0
9	378	127	0
9	379	128	0
9	380	129	0
9	381	130	0
9	382	131	0
9	383	132	0
9	384	133	0
9	385	134	0
9	386	135	0
9	387	136	0
9	388	137	0
9	389	138	0
9	390	139	0
9	391	140	0
9	392	141	0
9	393	142	0
9	394	143	1
9	395	144	1
9	396	145	1
9	397	146	1
9	398	147	1
9	399	148	1
9	400	149	1
9	401	150	1
9	402	151	1
9	403	152	1
9	404	153	1
9	405	154	1
9	406	155	1
9	407	156	1
9	408	157	1
9	409	158	1
9	410	159	1
9	411	160	1
9	412	161	1
9	413	162	1
9	414	163	1
9	415	164	3
9	416	165	3
9	417	166	3
9	418	167	3
9	419	168	3
9	420	169	3
9	421	170	3
9	422	171	3
9	423	172	3
9	424	173	3
9	425	174	3
9	426	175	3
9	427	176	3
9	428	177	3
9	429	178	3
9	430	179	3
9	431	180	3
9	432	181	3
9	433	182	3
9	434	183	4
9	435	184	4
9	436	185	4
9	437	186	4
9	438	187	4
9	439	188	4
9	440	189	4
9	441	190	4
9	442	191	4
9	443	192	4
9	444	193	4
9	445	194	4
9	446	195	4
9	447	196	4
9	448	197	4
9	449	198	4
9	450	199	4
9	451	200	4
9	452	201	4
9	453	202	4
9	454	203	4
9	455	204	4
9	456	205	4
9	457	206	4
9	458	207	4
9	459	208	4
9	460	209	4
9	461	210	4
9	462	211	4
9	463	212	4
9	464	213	4
9	465	214	4
9	466	215	4
9	467	216	4
9	468	217	4
9	469	218	4
9	470	219	4
9	471	220	4
9	472	221	4
9	473	222	4
9	474	223	4
9	475	224	4
9	476	225	4
