exon	relative_pos_in_circle	relative_pos_in_exon	coverage
1	1	1	5
1	2	2	5
1	3	3	5
1	4	4	5
1	5	5	5
1	6	6	5
1	7	7	5
1	8	8	5
1	9	9	5
1	10	10	5
1	11	11	5
1	12	12	5
1	13	13	5
1	14	14	5
1	15	15	5
1	16	16	5
1	17	17	5
1	18	18	5
1	19	19	5
1	20	20	5
1	21	21	5
1	22	22	5
1	23	23	5
1	24	24	5
1	25	25	5
1	26	26	5
1	27	27	5
1	28	28	5
1	29	29	5
1	30	30	5
1	31	31	5
1	32	32	5
1	33	33	5
1	34	34	5
1	35	35	5
1	36	36	5
1	37	37	5
1	38	38	5
1	39	39	5
1	40	40	5
1	41	41	5
1	42	42	5
1	43	43	5
1	44	44	5
1	45	45	5
1	46	46	5
1	47	47	5
1	48	48	5
1	49	49	5
1	50	50	5
1	51	51	5
1	52	52	5
1	53	53	5
1	54	54	5
1	55	55	5
1	56	56	5
1	57	57	5
1	58	58	5
1	59	59	5
1	60	60	5
1	61	61	5
1	62	62	5
1	63	63	5
1	64	64	4
1	65	65	4
1	66	66	4
1	67	67	4
1	68	68	4
1	69	69	4
1	70	70	4
1	71	71	4
1	72	72	4
1	73	73	4
1	74	74	4
1	75	75	4
1	76	76	4
1	77	77	4
1	78	78	4
1	79	79	4
1	80	80	4
1	81	81	4
1	82	82	4
1	83	83	4
1	84	84	4
1	85	85	4
1	86	86	4
1	87	87	4
1	88	88	3
1	89	89	3
1	90	90	3
1	91	91	3
1	92	92	3
1	93	93	3
1	94	94	3
1	95	95	3
1	96	96	3
1	97	97	3
1	98	98	3
1	99	99	3
1	100	100	3
1	101	101	3
1	102	102	3
1	103	103	3
1	104	104	3
1	105	105	3
1	106	106	3
1	107	107	3
1	108	108	3
1	109	109	3
1	110	110	3
1	111	111	3
1	112	112	3
1	113	113	3
1	114	114	3
1	115	115	3
1	116	116	3
1	117	117	3
1	118	118	3
1	119	119	3
1	120	120	3
1	121	121	3
1	122	122	3
1	123	123	3
1	124	124	3
1	125	125	3
1	126	126	3
1	127	127	3
1	128	128	3
1	129	129	3
1	130	130	3
1	131	131	3
1	132	132	3
1	133	133	3
1	134	134	3
1	135	135	3
1	136	136	3
1	137	137	3
1	138	138	2
1	139	139	2
1	140	140	2
1	141	141	2
1	142	142	2
1	143	143	2
1	144	144	2
1	145	145	2
1	146	146	2
1	147	147	2
1	148	148	2
1	149	149	2
1	150	150	2
1	151	151	2
1	152	152	2
1	153	153	2
1	154	154	2
1	155	155	2
1	156	156	2
1	157	157	2
1	158	158	2
1	159	159	1
1	160	160	1
1	161	161	1
1	162	162	1
1	163	163	1
1	164	164	1
1	165	165	1
1	166	166	1
1	167	167	1
1	168	168	2
1	169	169	2
1	170	170	2
1	171	171	2
1	172	172	2
1	173	173	2
1	174	174	2
1	175	175	2
1	176	176	2
1	177	177	2
1	178	178	2
1	179	179	2
1	180	180	1
1	181	181	1
1	182	182	1
1	183	183	1
1	184	184	1
1	185	185	1
1	186	186	1
1	187	187	1
1	188	188	1
1	189	189	1
1	190	190	1
1	191	191	1
1	192	192	2
1	193	193	2
1	194	194	2
1	195	195	2
1	196	196	2
1	197	197	2
1	198	198	2
1	199	199	2
1	200	200	2
1	201	201	2
1	202	202	2
1	203	203	2
1	204	204	2
1	205	205	2
1	206	206	2
1	207	207	2
1	208	208	2
1	209	209	2
1	210	210	2
1	211	211	2
1	212	212	2
1	213	213	2
1	214	214	2
1	215	215	2
1	216	216	2
1	217	217	2
1	218	218	2
1	219	219	2
1	220	220	2
1	221	221	2
1	222	222	2
1	223	223	2
1	224	224	2
1	225	225	2
1	226	226	2
1	227	227	2
1	228	228	2
1	229	229	2
1	230	230	2
1	231	231	2
1	232	232	2
1	233	233	2
1	234	234	2
1	235	235	2
1	236	236	2
1	237	237	2
1	238	238	2
1	239	239	2
1	240	240	2
1	241	241	2
1	242	242	2
1	243	243	2
1	244	244	2
1	245	245	2
1	246	246	2
1	247	247	2
1	248	248	2
1	249	249	2
1	250	250	2
1	251	251	2
1	252	252	2
1	253	253	2
1	254	254	2
1	255	255	2
1	256	256	2
2	257	1	3
2	258	2	3
2	259	3	3
2	260	4	3
2	261	5	3
2	262	6	3
2	263	7	4
2	264	8	4
2	265	9	4
2	266	10	4
2	267	11	4
2	268	12	4
2	269	13	4
2	270	14	4
2	271	15	4
2	272	16	4
2	273	17	4
2	274	18	4
2	275	19	4
2	276	20	4
2	277	21	4
2	278	22	4
2	279	23	4
2	280	24	4
2	281	25	4
2	282	26	4
2	283	27	4
2	284	28	4
2	285	29	5
2	286	30	5
2	287	31	5
2	288	32	5
2	289	33	5
2	290	34	5
2	291	35	5
2	292	36	5
2	293	37	5
2	294	38	5
2	295	39	5
2	296	40	5
2	297	41	5
2	298	42	5
2	299	43	5
2	300	44	5
2	301	45	5
2	302	46	5
2	303	47	5
2	304	48	5
2	305	49	5
2	306	50	5
2	307	51	5
2	308	52	5
2	309	53	5
2	310	54	5
2	311	55	5
2	312	56	5
2	313	57	5
2	314	58	5
2	315	59	5
2	316	60	5
2	317	61	5
2	318	62	5
2	319	63	5
2	320	64	5
2	321	65	5
2	322	66	5
2	323	67	5
2	324	68	5
2	325	69	5
2	326	70	5
2	327	71	5
2	328	72	5
2	329	73	5
2	330	74	5
2	331	75	5
2	332	76	5
2	333	77	5
2	334	78	5
2	335	79	5
2	336	80	5
2	337	81	5
2	338	82	5
2	339	83	5
2	340	84	5
2	341	85	5
2	342	86	5
2	343	87	5
2	344	88	5
2	345	89	5
2	346	90	5
2	347	91	5
2	348	92	5
2	349	93	5
2	350	94	5
2	351	95	5
2	352	96	5
2	353	97	5
