exon	relative_pos_in_circle	relative_pos_in_exon	coverage
10	1	1	5
10	2	2	5
10	3	3	5
10	4	4	5
10	5	5	5
10	6	6	5
10	7	7	5
10	8	8	5
10	9	9	5
10	10	10	5
10	11	11	5
10	12	12	5
10	13	13	5
10	14	14	5
10	15	15	5
10	16	16	5
10	17	17	5
10	18	18	5
10	19	19	5
10	20	20	5
10	21	21	5
10	22	22	5
10	23	23	5
10	24	24	5
10	25	25	5
10	26	26	5
10	27	27	5
10	28	28	5
10	29	29	5
10	30	30	5
10	31	31	5
10	32	32	5
10	33	33	5
10	34	34	5
10	35	35	5
10	36	36	5
10	37	37	5
10	38	38	5
10	39	39	5
10	40	40	5
10	41	41	5
10	42	42	5
10	43	43	5
10	44	44	5
10	45	45	5
10	46	46	5
10	47	47	5
10	48	48	5
10	49	49	5
10	50	50	5
10	51	51	5
10	52	52	5
10	53	53	5
10	54	54	5
10	55	55	5
10	56	56	5
10	57	57	5
10	58	58	5
10	59	59	5
10	60	60	5
10	61	61	5
10	62	62	5
10	63	63	5
10	64	64	5
10	65	65	5
10	66	66	5
10	67	67	5
10	68	68	5
10	69	69	5
10	70	70	5
10	71	71	5
10	72	72	5
10	73	73	5
10	74	74	4
10	75	75	4
10	76	76	4
10	77	77	4
10	78	78	4
10	79	79	4
10	80	80	4
10	81	81	4
10	82	82	4
10	83	83	4
10	84	84	4
10	85	85	3
10	86	86	3
10	87	87	3
10	88	88	3
10	89	89	3
10	90	90	3
10	91	91	3
10	92	92	2
10	93	93	2
10	94	94	2
10	95	95	2
10	96	96	2
10	97	97	2
10	98	98	2
10	99	99	2
10	100	100	2
10	101	101	2
10	102	102	2
10	103	103	2
10	104	104	2
10	105	105	2
10	106	106	2
10	107	107	2
10	108	108	2
10	109	109	2
10	110	110	2
10	111	111	2
10	112	112	2
10	113	113	2
10	114	114	2
10	115	115	2
11	116	1	1
11	117	2	1
11	118	3	1
11	119	4	1
11	120	5	1
11	121	6	1
11	122	7	1
11	123	8	1
11	124	9	1
11	125	10	1
11	126	11	1
11	127	12	1
11	128	13	1
11	129	14	1
11	130	15	1
11	131	16	1
11	132	17	1
11	133	18	1
11	134	19	1
11	135	20	1
11	136	21	1
11	137	22	1
11	138	23	1
11	139	24	1
11	140	25	1
11	141	26	1
11	142	27	1
11	143	28	1
11	144	29	1
11	145	30	1
11	146	31	1
11	147	32	1
11	148	33	1
11	149	34	1
11	150	35	1
11	151	36	1
11	152	37	1
11	153	38	1
11	154	39	1
11	155	40	1
11	156	41	1
11	157	42	1
11	158	43	1
11	159	44	1
11	160	45	1
11	161	46	1
11	162	47	1
11	163	48	1
11	164	49	1
11	165	50	1
11	166	51	1
11	167	52	1
11	168	53	1
11	169	54	1
11	170	55	1
11	171	56	1
11	172	57	1
11	173	58	1
11	174	59	1
11	175	60	1
11	176	61	1
11	177	62	1
11	178	63	1
11	179	64	1
11	180	65	1
11	181	66	1
11	182	67	1
11	183	68	1
11	184	69	1
11	185	70	1
11	186	71	1
11	187	72	1
11	188	73	1
11	189	74	1
11	190	75	1
11	191	76	1
11	192	77	1
11	193	78	1
11	194	79	1
11	195	80	1
11	196	81	1
11	197	82	0
11	198	83	0
11	199	84	0
11	200	85	0
11	201	86	0
11	202	87	0
11	203	88	0
11	204	89	0
11	205	90	0
11	206	91	0
11	207	92	0
11	208	93	0
11	209	94	0
11	210	95	0
11	211	96	0
11	212	97	0
11	213	98	0
11	214	99	0
11	215	100	0
11	216	101	0
11	217	102	0
11	218	103	0
11	219	104	0
11	220	105	0
11	221	106	0
11	222	107	0
11	223	108	0
11	224	109	0
11	225	110	0
11	226	111	0
11	227	112	0
11	228	113	0
11	229	114	0
11	230	115	0
11	231	116	0
11	232	117	0
11	233	118	0
11	234	119	0
11	235	120	0
11	236	121	0
11	237	122	0
11	238	123	0
11	239	124	0
11	240	125	0
11	241	126	0
11	242	127	0
11	243	128	0
11	244	129	0
11	245	130	0
11	246	131	0
11	247	132	0
11	248	133	0
11	249	134	0
11	250	135	0
11	251	136	0
11	252	137	0
11	253	138	0
11	254	139	0
11	255	140	0
11	256	141	0
11	257	142	0
11	258	143	0
11	259	144	0
12	260	0	0
12	261	1	0
12	262	2	0
12	263	3	0
12	264	4	0
12	265	5	0
12	266	6	0
12	267	7	0
12	268	8	0
12	269	9	0
12	270	10	0
12	271	11	0
12	272	12	0
12	273	13	0
12	274	14	0
12	275	15	0
12	276	16	0
12	277	17	0
12	278	18	0
12	279	19	0
12	280	20	0
12	281	21	0
12	282	22	0
12	283	23	0
12	284	24	0
12	285	25	0
12	286	26	0
12	287	27	0
12	288	28	0
12	289	29	0
12	290	30	0
12	291	31	0
12	292	32	0
12	293	33	0
12	294	34	0
12	295	35	0
12	296	36	0
12	297	37	0
12	298	38	0
12	299	39	0
12	300	40	0
12	301	41	0
12	302	42	0
12	303	43	0
12	304	44	0
12	305	45	0
12	306	46	0
12	307	47	0
12	308	48	0
12	309	49	0
13	310	0	0
13	311	1	0
13	312	2	0
13	313	3	0
13	314	4	0
13	315	5	0
13	316	6	0
13	317	7	0
13	318	8	0
13	319	9	0
13	320	10	0
13	321	11	0
13	322	12	0
13	323	13	0
13	324	14	0
13	325	15	0
13	326	16	0
13	327	17	0
13	328	18	0
13	329	19	0
13	330	20	0
13	331	21	0
13	332	22	0
13	333	23	0
13	334	24	0
13	335	25	0
13	336	26	0
13	337	27	0
13	338	28	0
13	339	29	0
13	340	30	0
13	341	31	0
13	342	32	0
13	343	33	0
13	344	34	0
13	345	35	0
13	346	36	0
13	347	37	0
13	348	38	0
13	349	39	0
13	350	40	0
13	351	41	0
13	352	42	0
13	353	43	0
13	354	44	0
13	355	45	0
13	356	46	0
13	357	47	0
13	358	48	0
13	359	49	0
14	360	1	0
14	361	2	0
14	362	3	0
14	363	4	0
14	364	5	0
14	365	6	0
14	366	7	0
14	367	8	0
14	368	9	0
14	369	10	0
14	370	11	1
14	371	12	1
14	372	13	1
14	373	14	1
14	374	15	1
14	375	16	1
14	376	17	1
14	377	18	1
14	378	19	1
14	379	20	1
14	380	21	1
14	381	22	1
14	382	23	2
14	383	24	2
14	384	25	2
14	385	26	2
14	386	27	2
14	387	28	3
14	388	29	3
14	389	30	3
14	390	31	3
14	391	32	3
14	392	33	3
14	393	34	3
14	394	35	3
14	395	36	3
14	396	37	3
14	397	38	3
14	398	39	3
14	399	40	3
14	400	41	3
14	401	42	3
14	402	43	3
14	403	44	3
14	404	45	3
14	405	46	3
14	406	47	3
14	407	48	3
14	408	49	3
14	409	50	3
14	410	51	3
14	411	52	3
14	412	53	3
14	413	54	3
14	414	55	3
14	415	56	4
14	416	57	4
14	417	58	4
14	418	59	4
14	419	60	4
14	420	61	4
14	421	62	4
14	422	63	4
14	423	64	4
14	424	65	4
14	425	66	4
14	426	67	4
14	427	68	4
14	428	69	4
14	429	70	4
14	430	71	4
14	431	72	4
14	432	73	4
14	433	74	4
14	434	75	4
14	435	76	4
14	436	77	4
14	437	78	4
14	438	79	4
14	439	80	4
14	440	81	4
14	441	82	4
14	442	83	4
14	443	84	4
14	444	85	4
14	445	86	4
14	446	87	4
14	447	88	4
14	448	89	4
14	449	90	4
14	450	91	4
14	451	92	4
14	452	93	4
14	453	94	4
14	454	95	4
14	455	96	4
14	456	97	4
14	457	98	4
14	458	99	4
14	459	100	4
14	460	101	4
14	461	102	4
14	462	103	4
14	463	104	4
14	464	105	4
14	465	106	4
14	466	107	4
14	467	108	4
14	468	109	4
14	469	110	4
14	470	111	4
14	471	112	4
14	472	113	4
14	473	114	4
14	474	115	4
14	475	116	4
14	476	117	4
14	477	118	4
14	478	119	4
14	479	120	4
14	480	121	4
14	481	122	4
14	482	123	4
14	483	124	4
14	484	125	4
14	485	126	4
14	486	127	4
14	487	128	4
14	488	129	4
14	489	130	4
14	490	131	4
14	491	132	4
14	492	133	5
14	493	134	5
14	494	135	5
14	495	136	5
14	496	137	5
14	497	138	5
14	498	139	5
14	499	140	5
14	500	141	5
14	501	142	5
14	502	143	5
14	503	144	5
14	504	145	5
14	505	146	5
14	506	147	5
14	507	148	5
14	508	149	5
14	509	150	5
14	510	151	5
14	511	152	5
14	512	153	5
14	513	154	5
14	514	155	5
14	515	156	5
14	516	157	5
14	517	158	5
14	518	159	5
14	519	160	5
14	520	161	5
14	521	162	5
14	522	163	5
14	523	164	5
14	524	165	5
14	525	166	5
14	526	167	5
14	527	168	5
14	528	169	5
14	529	170	5
14	530	171	5
14	531	172	5
14	532	173	5
14	533	174	5
14	534	175	5
14	535	176	5
14	536	177	5
14	537	178	5
14	538	179	5
14	539	180	5
14	540	181	5
14	541	182	5
14	542	183	5
14	543	184	5
14	544	185	5
