exon	relative_pos_in_circle	relative_pos_in_exon	coverage
0	1	1	0
0	2	2	0
0	3	3	0
0	4	4	0
0	5	5	0
0	6	6	0
0	7	7	0
0	8	8	0
0	9	9	0
0	10	10	0
0	11	11	0
0	12	12	0
0	13	13	0
0	14	14	0
0	15	15	0
0	16	16	0
0	17	17	0
0	18	18	0
0	19	19	0
0	20	20	0
0	21	21	0
0	22	22	0
0	23	23	0
0	24	24	0
0	25	25	0
0	26	26	0
0	27	27	0
0	28	28	0
0	29	29	0
0	30	30	0
0	31	31	0
0	32	32	0
0	33	33	0
0	34	34	0
0	35	35	0
0	36	36	0
0	37	37	0
0	38	38	0
0	39	39	0
0	40	40	0
0	41	41	0
0	42	42	0
0	43	43	0
0	44	44	0
0	45	45	0
0	46	46	0
0	47	47	0
0	48	48	0
0	49	49	0
0	50	50	0
0	51	51	0
0	52	52	0
0	53	53	0
0	54	54	0
0	55	55	0
0	56	56	0
0	57	57	0
0	58	58	0
0	59	59	0
0	60	60	0
0	61	61	0
0	62	62	0
0	63	63	0
0	64	64	0
0	65	65	0
0	66	66	0
0	67	67	0
0	68	68	0
0	69	69	0
0	70	70	0
0	71	71	0
0	72	72	0
0	73	73	0
0	74	74	0
0	75	75	0
0	76	76	0
0	77	77	0
0	78	78	0
0	79	79	0
0	80	80	0
0	81	81	0
0	82	82	0
0	83	83	0
0	84	84	0
0	85	85	0
0	86	86	0
0	87	87	0
0	88	88	0
0	89	89	0
0	90	90	0
0	91	91	0
0	92	92	0
0	93	93	0
0	94	94	0
0	95	95	0
0	96	96	0
0	97	97	0
0	98	98	0
0	99	99	0
0	100	100	0
0	101	101	0
0	102	102	0
0	103	103	0
0	104	104	0
0	105	105	0
0	106	106	0
0	107	107	0
0	108	108	0
0	109	109	0
0	110	110	0
0	111	111	0
0	112	112	0
0	113	113	0
0	114	114	0
0	115	115	0
0	116	116	0
0	117	117	0
0	118	118	0
0	119	119	0
0	120	120	0
0	121	121	0
0	122	122	0
0	123	123	0
0	124	124	0
0	125	125	0
0	126	126	0
0	127	127	0
0	128	128	0
0	129	129	0
0	130	130	0
0	131	131	0
0	132	132	0
0	133	133	0
0	134	134	0
0	135	135	0
0	136	136	0
0	137	137	0
0	138	138	0
0	139	139	0
0	140	140	0
0	141	141	0
0	142	142	0
0	143	143	0
0	144	144	11
0	145	145	11
0	146	146	11
0	147	147	11
0	148	148	11
0	149	149	11
0	150	150	11
0	151	151	11
0	152	152	11
0	153	153	11
0	154	154	11
0	155	155	11
0	156	156	11
0	157	157	11
0	158	158	11
0	159	159	11
0	160	160	11
0	161	161	11
0	162	162	11
0	163	163	11
0	164	164	11
0	165	165	11
0	166	166	11
0	167	167	11
0	168	168	11
0	169	169	11
0	170	170	11
0	171	171	11
0	172	172	11
0	173	173	11
0	174	174	11
0	175	175	11
0	176	176	11
0	177	177	11
0	178	178	11
0	179	179	11
0	180	180	11
0	181	181	11
0	182	182	11
0	183	183	11
0	184	184	11
0	185	185	11
0	186	186	11
0	187	187	11
0	188	188	11
0	189	189	10
0	190	190	9
0	191	191	9
0	192	192	9
0	193	193	9
0	194	194	9
0	195	195	9
0	196	196	8
0	197	197	8
0	198	198	8
0	199	199	7
0	200	200	7
0	201	201	7
0	202	202	6
0	203	203	6
0	204	204	6
0	205	205	6
0	206	206	6
0	207	207	6
0	208	208	6
0	209	209	6
0	210	210	6
0	211	211	6
0	212	212	6
0	213	213	6
0	214	214	6
0	215	215	6
0	216	216	6
0	217	217	6
0	218	218	6
0	219	219	6
0	220	220	6
0	221	221	6
0	222	222	6
0	223	223	6
0	224	224	6
0	225	225	5
0	226	226	4
0	227	227	4
0	228	228	4
0	229	229	4
0	230	230	4
0	231	231	4
0	232	232	4
0	233	233	4
0	234	234	4
0	235	235	4
0	236	236	4
0	237	237	4
0	238	238	4
0	239	239	4
0	240	240	4
0	241	241	4
0	242	242	4
0	243	243	4
0	244	244	4
0	245	245	4
0	246	246	4
0	247	247	4
0	248	248	4
0	249	249	4
0	250	250	4
0	251	251	4
0	252	252	4
0	253	253	4
0	254	254	4
0	255	255	4
0	256	256	4
0	257	257	4
0	258	258	4
0	259	259	4
0	260	260	4
0	261	261	4
0	262	262	4
0	263	263	4
0	264	264	4
0	265	265	4
0	266	266	4
0	267	267	4
0	268	268	4
0	269	269	4
0	270	270	4
0	271	271	4
0	272	272	4
0	273	273	4
0	274	274	4
0	275	275	4
0	276	276	4
0	277	277	4
0	278	278	4
0	279	279	4
0	280	280	4
0	281	281	4
0	282	282	4
0	283	283	4
0	284	284	4
0	285	285	4
0	286	286	4
0	287	287	4
0	288	288	4
0	289	289	4
0	290	290	4
0	291	291	4
0	292	292	4
0	293	293	4
0	294	294	4
0	295	295	4
0	296	296	4
0	297	297	4
0	298	298	4
0	299	299	4
0	300	300	4
0	301	301	4
0	302	302	4
0	303	303	4
0	304	304	4
0	305	305	4
0	306	306	4
0	307	307	4
0	308	308	4
0	309	309	4
0	310	310	4
0	311	311	4
0	312	312	4
0	313	313	4
0	314	314	4
0	315	315	4
0	316	316	4
0	317	317	4
0	318	318	4
0	319	319	4
0	320	320	4
0	321	321	4
0	322	322	4
0	323	323	4
0	324	324	4
0	325	325	4
0	326	326	4
0	327	327	4
0	328	328	4
0	329	329	4
0	330	330	4
0	331	331	4
0	332	332	4
0	333	333	4
0	334	334	4
0	335	335	4
0	336	336	4
0	337	337	4
0	338	338	4
0	339	339	4
0	340	340	4
0	341	341	3
0	342	342	3
0	343	343	3
0	344	344	3
0	345	345	3
0	346	346	3
0	347	347	3
0	348	348	3
0	349	349	3
0	350	350	1
0	351	351	1
0	352	352	1
0	353	353	0
0	354	354	0
0	355	355	0
0	356	356	0
0	357	357	0
0	358	358	0
0	359	359	0
0	360	360	0
0	361	361	0
0	362	362	0
0	363	363	0
0	364	364	0
0	365	365	0
0	366	366	0
0	367	367	0
0	368	368	0
0	369	369	0
0	370	370	0
0	371	371	0
0	372	372	0
0	373	373	0
0	374	374	0
0	375	375	0
0	376	376	0
0	377	377	0
0	378	378	0
0	379	379	0
0	380	380	0
0	381	381	0
0	382	382	0
0	383	383	0
0	384	384	0
0	385	385	0
0	386	386	0
0	387	387	0
0	388	388	0
0	389	389	0
0	390	390	0
0	391	391	0
0	392	392	0
0	393	393	0
0	394	394	0
0	395	395	0
0	396	396	0
0	397	397	0
0	398	398	0
0	399	399	0
0	400	400	0
0	401	401	0
0	402	402	0
0	403	403	0
0	404	404	0
0	405	405	0
0	406	406	0
0	407	407	0
0	408	408	0
0	409	409	0
0	410	410	0
0	411	411	0
0	412	412	0
0	413	413	0
0	414	414	0
0	415	415	0
0	416	416	0
0	417	417	0
0	418	418	0
0	419	419	0
0	420	420	0
0	421	421	0
0	422	422	0
0	423	423	0
0	424	424	0
0	425	425	0
0	426	426	0
0	427	427	0
0	428	428	0
0	429	429	0
0	430	430	0
0	431	431	0
0	432	432	0
0	433	433	0
0	434	434	0
0	435	435	0
0	436	436	0
0	437	437	0
0	438	438	0
0	439	439	0
0	440	440	0
0	441	441	0
0	442	442	0
0	443	443	0
0	444	444	0
0	445	445	0
0	446	446	0
0	447	447	0
0	448	448	0
0	449	449	0
0	450	450	0
0	451	451	0
0	452	452	0
0	453	453	0
0	454	454	0
0	455	455	0
0	456	456	0
0	457	457	0
0	458	458	0
0	459	459	0
0	460	460	0
0	461	461	0
0	462	462	0
0	463	463	0
0	464	464	0
0	465	465	0
0	466	466	0
0	467	467	0
0	468	468	0
0	469	469	0
0	470	470	0
0	471	471	0
0	472	472	0
0	473	473	0
0	474	474	0
0	475	475	0
0	476	476	0
0	477	477	0
0	478	478	0
0	479	479	0
0	480	480	0
0	481	481	0
0	482	482	0
0	483	483	0
0	484	484	0
0	485	485	0
0	486	486	0
0	487	487	0
0	488	488	0
0	489	489	0
0	490	490	0
0	491	491	0
0	492	492	0
0	493	493	0
0	494	494	0
0	495	495	0
0	496	496	0
0	497	497	0
0	498	498	0
0	499	499	0
0	500	500	0
0	501	501	0
0	502	502	0
0	503	503	0
0	504	504	0
0	505	505	0
0	506	506	0
0	507	507	0
0	508	508	0
0	509	509	0
0	510	510	0
0	511	511	0
0	512	512	0
0	513	513	0
0	514	514	0
0	515	515	0
0	516	516	0
0	517	517	0
0	518	518	0
0	519	519	0
0	520	520	0
0	521	521	0
0	522	522	0
0	523	523	0
0	524	524	0
0	525	525	0
0	526	526	0
0	527	527	0
0	528	528	0
0	529	529	0
0	530	530	0
0	531	531	0
0	532	532	0
0	533	533	0
0	534	534	0
0	535	535	0
0	536	536	0
0	537	537	0
0	538	538	0
0	539	539	0
0	540	540	0
0	541	541	0
0	542	542	0
0	543	543	0
0	544	544	0
0	545	545	0
0	546	546	0
0	547	547	0
0	548	548	0
0	549	549	0
0	550	550	0
0	551	551	0
0	552	552	0
0	553	553	0
0	554	554	0
0	555	555	0
0	556	556	0
0	557	557	0
0	558	558	0
0	559	559	0
0	560	560	1
0	561	561	2
0	562	562	2
0	563	563	2
0	564	564	2
0	565	565	2
0	566	566	2
0	567	567	3
0	568	568	3
0	569	569	3
0	570	570	4
0	571	571	4
0	572	572	4
0	573	573	5
0	574	574	5
0	575	575	5
0	576	576	5
0	577	577	5
0	578	578	5
0	579	579	5
0	580	580	5
0	581	581	5
0	582	582	5
0	583	583	5
0	584	584	5
0	585	585	5
0	586	586	5
0	587	587	5
0	588	588	5
0	589	589	5
0	590	590	5
0	591	591	5
0	592	592	5
0	593	593	5
0	594	594	5
0	595	595	5
0	596	596	5
0	597	597	6
0	598	598	7
0	599	599	7
0	600	600	7
0	601	601	7
0	602	602	7
0	603	603	7
0	604	604	7
0	605	605	7
0	606	606	7
0	607	607	7
0	608	608	7
0	609	609	7
0	610	610	7
0	611	611	7
0	612	612	7
0	613	613	7
0	614	614	7
0	615	615	7
0	616	616	7
0	617	617	7
0	618	618	7
0	619	619	7
0	620	620	7
0	621	621	7
0	622	622	7
0	623	623	7
0	624	624	7
0	625	625	7
0	626	626	7
0	627	627	7
0	628	628	7
0	629	629	7
0	630	630	7
0	631	631	7
0	632	632	7
0	633	633	7
0	634	634	7
0	635	635	7
0	636	636	7
0	637	637	7
0	638	638	7
0	639	639	7
0	640	640	7
0	641	641	7
0	642	642	7
0	643	643	7
0	644	644	7
0	645	645	7
0	646	646	7
0	647	647	7
0	648	648	7
0	649	649	7
0	650	650	7
0	651	651	7
0	652	652	7
0	653	653	7
0	654	654	7
0	655	655	7
0	656	656	7
0	657	657	7
0	658	658	7
0	659	659	7
0	660	660	7
0	661	661	7
0	662	662	7
0	663	663	7
0	664	664	7
0	665	665	7
0	666	666	7
0	667	667	7
0	668	668	7
0	669	669	7
0	670	670	7
0	671	671	7
0	672	672	7
0	673	673	7
0	674	674	7
0	675	675	7
0	676	676	7
0	677	677	7
0	678	678	7
0	679	679	7
0	680	680	7
0	681	681	7
0	682	682	7
0	683	683	7
0	684	684	7
0	685	685	7
0	686	686	7
0	687	687	7
0	688	688	7
0	689	689	7
0	690	690	7
0	691	691	7
0	692	692	7
0	693	693	7
0	694	694	7
0	695	695	7
0	696	696	7
0	697	697	7
0	698	698	7
0	699	699	7
0	700	700	7
0	701	701	7
0	702	702	7
0	703	703	7
0	704	704	7
0	705	705	7
0	706	706	7
0	707	707	7
0	708	708	7
0	709	709	7
0	710	710	7
0	711	711	7
0	712	712	7
0	713	713	7
1	714	1	8
1	715	2	8
1	716	3	8
1	717	4	8
1	718	5	8
1	719	6	8
1	720	7	8
1	721	8	10
1	722	9	10
1	723	10	10
1	724	11	10
1	725	12	11
1	726	13	11
1	727	14	11
1	728	15	11
1	729	16	11
1	730	17	11
1	731	18	11
1	732	19	11
1	733	20	11
1	734	21	11
1	735	22	11
1	736	23	11
1	737	24	11
1	738	25	11
1	739	26	11
1	740	27	11
1	741	28	11
1	742	29	11
1	743	30	11
1	744	31	11
1	745	32	11
1	746	33	11
1	747	34	11
1	748	35	11
1	749	36	11
1	750	37	11
1	751	38	11
1	752	39	11
1	753	40	11
1	754	41	11
1	755	42	11
1	756	43	11
1	757	44	11
1	758	45	11
1	759	46	11
1	760	47	11
1	761	48	11
1	762	49	11
1	763	50	11
