exon	relative_pos_in_circle	relative_pos_in_exon	coverage
1	1	1	9
1	2	2	9
1	3	3	9
1	4	4	9
1	5	5	9
1	6	6	9
1	7	7	9
1	8	8	9
1	9	9	9
1	10	10	9
1	11	11	9
1	12	12	9
1	13	13	9
1	14	14	9
1	15	15	9
1	16	16	9
1	17	17	9
1	18	18	9
1	19	19	9
1	20	20	9
1	21	21	9
1	22	22	9
1	23	23	9
1	24	24	9
1	25	25	9
1	26	26	9
1	27	27	9
1	28	28	9
1	29	29	9
1	30	30	9
1	31	31	9
1	32	32	9
1	33	33	9
1	34	34	9
1	35	35	9
1	36	36	9
1	37	37	9
1	38	38	9
1	39	39	9
1	40	40	9
1	41	41	9
1	42	42	9
1	43	43	9
1	44	44	9
1	45	45	9
1	46	46	9
1	47	47	9
1	48	48	8
1	49	49	8
1	50	50	8
1	51	51	8
1	52	52	8
1	53	53	7
1	54	54	7
1	55	55	7
1	56	56	7
1	57	57	7
1	58	58	7
1	59	59	7
1	60	60	7
1	61	61	7
1	62	62	7
1	63	63	7
1	64	64	7
1	65	65	7
1	66	66	7
1	67	67	7
1	68	68	7
1	69	69	7
1	70	70	7
1	71	71	7
1	72	72	7
1	73	73	7
1	74	74	7
1	75	75	7
1	76	76	7
1	77	77	7
1	78	78	7
1	79	79	7
1	80	80	7
1	81	81	7
1	82	82	7
1	83	83	7
1	84	84	6
1	85	85	6
1	86	86	6
1	87	87	6
1	88	88	6
1	89	89	6
1	90	90	6
1	91	91	5
1	92	92	5
1	93	93	5
1	94	94	4
1	95	95	4
1	96	96	4
1	97	97	4
1	98	98	4
1	99	99	4
1	100	100	4
1	101	101	4
1	102	102	4
1	103	103	3
1	104	104	3
1	105	105	3
1	106	106	3
1	107	107	3
1	108	108	3
1	109	109	3
1	110	110	3
1	111	111	3
1	112	112	3
1	113	113	3
1	114	114	3
1	115	115	3
1	116	116	3
1	117	117	3
1	118	118	3
1	119	119	3
1	120	120	3
1	121	121	3
1	122	122	3
1	123	123	3
1	124	124	3
1	125	125	3
1	126	126	3
1	127	127	3
1	128	128	3
1	129	129	3
1	130	130	3
1	131	131	2
1	132	132	2
1	133	133	2
1	134	134	2
1	135	135	2
1	136	136	2
1	137	137	2
1	138	138	2
1	139	139	2
1	140	140	2
1	141	141	1
1	142	142	1
1	143	143	1
1	144	144	1
1	145	145	1
1	146	146	1
1	147	147	1
1	148	148	1
1	149	149	1
1	150	150	1
1	151	151	1
1	152	152	1
1	153	153	1
1	154	154	1
1	155	155	1
1	156	156	1
1	157	157	1
1	158	158	1
1	159	159	1
1	160	160	1
1	161	161	1
1	162	162	1
1	163	163	1
1	164	164	1
1	165	165	1
1	166	166	1
1	167	167	1
1	168	168	1
1	169	169	1
1	170	170	1
1	171	171	1
1	172	172	1
1	173	173	1
1	174	174	1
1	175	175	1
1	176	176	1
1	177	177	1
1	178	178	1
1	179	179	1
1	180	180	1
1	181	181	1
1	182	182	1
1	183	183	1
1	184	184	1
1	185	185	1
1	186	186	1
1	187	187	1
1	188	188	1
1	189	189	1
1	190	190	1
1	191	191	1
1	192	192	1
1	193	193	1
1	194	194	1
1	195	195	1
1	196	196	1
1	197	197	1
1	198	198	1
1	199	199	1
1	200	200	1
1	201	201	1
1	202	202	1
1	203	203	1
1	204	204	1
1	205	205	1
1	206	206	1
1	207	207	1
1	208	208	1
1	209	209	0
1	210	210	0
1	211	211	0
1	212	212	0
1	213	213	0
1	214	214	0
1	215	215	0
1	216	216	0
1	217	217	0
1	218	218	0
1	219	219	0
1	220	220	0
1	221	221	0
1	222	222	0
1	223	223	0
1	224	224	0
1	225	225	0
1	226	226	0
2	227	1	0
2	228	2	0
2	229	3	0
2	230	4	0
2	231	5	0
2	232	6	0
2	233	7	0
2	234	8	0
2	235	9	0
2	236	10	0
2	237	11	0
2	238	12	0
2	239	13	0
2	240	14	0
2	241	15	0
2	242	16	0
2	243	17	0
2	244	18	0
2	245	19	0
2	246	20	0
2	247	21	0
2	248	22	0
2	249	23	0
2	250	24	0
2	251	25	0
2	252	26	0
2	253	27	0
2	254	28	0
2	255	29	0
2	256	30	0
2	257	31	0
2	258	32	0
2	259	33	0
2	260	34	0
2	261	35	0
2	262	36	0
2	263	37	0
2	264	38	0
2	265	39	0
2	266	40	0
2	267	41	0
2	268	42	0
2	269	43	0
2	270	44	0
2	271	45	0
2	272	46	0
2	273	47	0
2	274	48	0
2	275	49	0
2	276	50	0
2	277	51	0
2	278	52	0
2	279	53	0
2	280	54	0
2	281	55	0
2	282	56	0
2	283	57	0
2	284	58	0
2	285	59	0
2	286	60	0
2	287	61	0
2	288	62	0
2	289	63	0
2	290	64	0
2	291	65	0
2	292	66	0
2	293	67	0
2	294	68	0
2	295	69	0
2	296	70	0
2	297	71	0
2	298	72	0
2	299	73	0
2	300	74	0
2	301	75	0
2	302	76	0
2	303	77	0
2	304	78	0
2	305	79	0
2	306	80	0
2	307	81	0
2	308	82	0
2	309	83	0
2	310	84	0
2	311	85	0
2	312	86	0
2	313	87	0
2	314	88	0
2	315	89	0
2	316	90	0
2	317	91	0
2	318	92	0
2	319	93	0
2	320	94	0
2	321	95	0
2	322	96	0
2	323	97	0
2	324	98	0
2	325	99	0
2	326	100	0
2	327	101	0
2	328	102	0
2	329	103	0
2	330	104	0
2	331	105	0
2	332	106	0
2	333	107	0
2	334	108	0
2	335	109	0
2	336	110	0
2	337	111	0
2	338	112	0
2	339	113	0
2	340	114	0
2	341	115	0
2	342	116	0
2	343	117	0
2	344	118	0
2	345	119	0
2	346	120	0
2	347	121	0
2	348	122	0
2	349	123	0
2	350	124	0
2	351	125	0
2	352	126	0
2	353	127	0
2	354	128	0
2	355	129	0
2	356	130	0
2	357	131	0
2	358	132	0
2	359	133	0
2	360	134	0
2	361	135	0
2	362	136	0
2	363	137	0
2	364	138	0
2	365	139	0
2	366	140	0
2	367	141	0
2	368	142	0
2	369	143	0
2	370	144	0
2	371	145	0
2	372	146	0
2	373	147	0
2	374	148	0
2	375	149	0
2	376	150	0
2	377	151	0
2	378	152	0
2	379	153	0
2	380	154	0
2	381	155	0
2	382	156	0
2	383	157	0
2	384	158	1
2	385	159	1
2	386	160	1
2	387	161	1
2	388	162	1
2	389	163	2
2	390	164	2
2	391	165	2
2	392	166	2
2	393	167	2
2	394	168	2
2	395	169	2
2	396	170	2
2	397	171	2
2	398	172	2
2	399	173	2
2	400	174	2
2	401	175	2
2	402	176	2
3	403	1	2
3	404	2	2
3	405	3	2
3	406	4	2
3	407	5	2
3	408	6	2
3	409	7	2
3	410	8	2
3	411	9	2
3	412	10	2
3	413	11	2
3	414	12	2
3	415	13	2
3	416	14	2
3	417	15	2
3	418	16	2
3	419	17	2
3	420	18	3
3	421	19	3
3	422	20	3
3	423	21	3
3	424	22	3
3	425	23	3
3	426	24	3
3	427	25	4
3	428	26	4
3	429	27	4
3	430	28	5
3	431	29	5
3	432	30	5
3	433	31	5
3	434	32	5
3	435	33	5
3	436	34	5
3	437	35	5
3	438	36	5
3	439	37	6
3	440	38	6
3	441	39	6
3	442	40	6
3	443	41	6
3	444	42	6
3	445	43	6
3	446	44	6
3	447	45	6
3	448	46	6
3	449	47	6
3	450	48	6
3	451	49	6
3	452	50	6
3	453	51	6
3	454	52	6
3	455	53	6
3	456	54	6
3	457	55	6
3	458	56	6
3	459	57	6
3	460	58	6
3	461	59	6
3	462	60	6
3	463	61	6
3	464	62	6
3	465	63	6
3	466	64	6
3	467	65	7
3	468	66	7
3	469	67	7
3	470	68	7
3	471	69	7
3	472	70	7
3	473	71	7
3	474	72	7
3	475	73	7
3	476	74	7
3	477	75	8
3	478	76	8
3	479	77	8
3	480	78	8
3	481	79	8
3	482	80	8
3	483	81	8
3	484	82	8
3	485	83	8
3	486	84	8
3	487	85	8
3	488	86	8
3	489	87	8
3	490	88	8
3	491	89	8
3	492	90	8
3	493	91	8
3	494	92	8
3	495	93	8
3	496	94	8
3	497	95	8
3	498	96	8
3	499	97	8
3	500	98	8
3	501	99	8
3	502	100	8
3	503	101	8
3	504	102	8
3	505	103	8
3	506	104	8
3	507	105	8
3	508	106	8
3	509	107	8
3	510	108	8
3	511	109	8
3	512	110	8
3	513	111	8
3	514	112	8
3	515	113	8
3	516	114	8
3	517	115	8
3	518	116	8
3	519	117	8
3	520	118	8
3	521	119	8
3	522	120	8
3	523	121	8
3	524	122	8
3	525	123	8
3	526	124	8
3	527	125	8
3	528	126	8
3	529	127	8
3	530	128	8
3	531	129	8
3	532	130	8
3	533	131	8
3	534	132	8
3	535	133	8
3	536	134	8
3	537	135	8
3	538	136	8
3	539	137	8
3	540	138	8
3	541	139	8
3	542	140	8
3	543	141	8
3	544	142	8
3	545	143	9
3	546	144	9
3	547	145	9
3	548	146	9
3	549	147	9
3	550	148	9
3	551	149	9
3	552	150	9
3	553	151	9
3	554	152	9
3	555	153	9
3	556	154	9
3	557	155	9
3	558	156	9
3	559	157	9
3	560	158	9
3	561	159	9
3	562	160	9
3	563	161	9
3	564	162	9
3	565	163	9
3	566	164	9
3	567	165	9
3	568	166	9
3	569	167	9
3	570	168	9
3	571	169	9
3	572	170	9
3	573	171	9
3	574	172	9
3	575	173	9
3	576	174	9
3	577	175	9
3	578	176	9
3	579	177	9
3	580	178	9
3	581	179	9
3	582	180	9
3	583	181	9
3	584	182	9
3	585	183	9
