exon	relative_pos_in_circle	relative_pos_in_exon	coverage
2	1	1	6
2	2	2	6
2	3	3	6
2	4	4	6
2	5	5	6
2	6	6	6
2	7	7	6
2	8	8	6
2	9	9	6
2	10	10	6
2	11	11	6
2	12	12	6
2	13	13	6
2	14	14	6
2	15	15	6
2	16	16	6
2	17	17	6
2	18	18	6
2	19	19	6
2	20	20	6
2	21	21	6
2	22	22	6
2	23	23	6
2	24	24	6
2	25	25	6
2	26	26	6
2	27	27	6
2	28	28	5
2	29	29	5
2	30	30	5
2	31	31	5
2	32	32	5
2	33	33	5
2	34	34	5
2	35	35	5
2	36	36	5
2	37	37	5
2	38	38	4
2	39	39	4
2	40	40	4
2	41	41	4
2	42	42	4
2	43	43	4
2	44	44	4
2	45	45	4
2	46	46	4
2	47	47	4
2	48	48	4
2	49	49	4
2	50	50	4
2	51	51	4
2	52	52	4
2	53	53	4
2	54	54	4
2	55	55	4
2	56	56	4
2	57	57	4
2	58	58	4
2	59	59	4
2	60	60	4
2	61	61	4
2	62	62	4
2	63	63	4
2	64	64	4
2	65	65	4
2	66	66	4
2	67	67	4
2	68	68	4
2	69	69	4
2	70	70	4
2	71	71	4
2	72	72	4
2	73	73	4
2	74	74	4
2	75	75	4
2	76	76	4
2	77	77	4
2	78	78	4
2	79	79	4
2	80	80	4
2	81	81	4
2	82	82	4
2	83	83	4
2	84	84	3
2	85	85	3
2	86	86	3
2	87	87	3
2	88	88	3
2	89	89	3
2	90	90	3
2	91	91	3
2	92	92	3
2	93	93	3
2	94	94	3
2	95	95	3
2	96	96	3
2	97	97	3
2	98	98	3
2	99	99	3
2	100	100	3
2	101	101	3
2	102	102	3
2	103	103	3
2	104	104	3
2	105	105	3
2	106	106	3
2	107	107	3
2	108	108	3
2	109	109	3
2	110	110	3
2	111	111	3
2	112	112	3
2	113	113	3
2	114	114	3
2	115	115	3
2	116	116	3
2	117	117	3
2	118	118	3
2	119	119	3
2	120	120	3
2	121	121	3
2	122	122	3
2	123	123	3
2	124	124	3
2	125	125	3
2	126	126	3
2	127	127	3
2	128	128	3
2	129	129	3
2	130	130	3
2	131	131	3
2	132	132	3
2	133	133	3
2	134	134	2
2	135	135	2
2	136	136	2
2	137	137	2
2	138	138	2
2	139	139	2
2	140	140	2
2	141	141	2
2	142	142	2
2	143	143	1
2	144	144	1
2	145	145	1
2	146	146	1
2	147	147	1
2	148	148	1
2	149	149	1
2	150	150	1
2	151	151	0
2	152	152	0
2	153	153	0
2	154	154	0
2	155	155	0
2	156	156	0
2	157	157	0
2	158	158	0
2	159	159	0
2	160	160	0
2	161	161	0
2	162	162	0
2	163	163	0
2	164	164	0
2	165	165	0
2	166	166	0
2	167	167	0
2	168	168	0
2	169	169	0
2	170	170	0
2	171	171	0
2	172	172	0
2	173	173	0
2	174	174	0
2	175	175	0
2	176	176	0
2	177	177	0
2	178	178	0
2	179	179	0
2	180	180	0
2	181	181	0
2	182	182	0
2	183	183	0
2	184	184	0
2	185	185	0
2	186	186	0
2	187	187	0
2	188	188	0
2	189	189	0
2	190	190	0
2	191	191	0
2	192	192	0
2	193	193	0
2	194	194	0
2	195	195	0
2	196	196	0
2	197	197	0
2	198	198	0
2	199	199	0
2	200	200	0
2	201	201	0
2	202	202	0
2	203	203	0
2	204	204	0
2	205	205	0
2	206	206	0
2	207	207	0
2	208	208	0
2	209	209	0
2	210	210	0
3	211	0	0
3	212	1	0
3	213	2	0
3	214	3	0
3	215	4	0
3	216	5	0
3	217	6	0
3	218	7	0
3	219	8	0
3	220	9	0
3	221	10	0
3	222	11	0
3	223	12	0
3	224	13	0
3	225	14	0
3	226	15	0
3	227	16	0
3	228	17	0
3	229	18	0
3	230	19	0
3	231	20	0
3	232	21	0
3	233	22	0
3	234	23	0
3	235	24	0
3	236	25	0
3	237	26	0
3	238	27	0
3	239	28	0
3	240	29	0
3	241	30	0
3	242	31	0
3	243	32	0
3	244	33	0
3	245	34	0
3	246	35	0
3	247	36	0
3	248	37	0
3	249	38	0
3	250	39	0
3	251	40	0
3	252	41	0
3	253	42	0
3	254	43	0
3	255	44	0
3	256	45	0
3	257	46	0
3	258	47	0
3	259	48	0
3	260	49	0
4	261	1	0
4	262	2	0
4	263	3	0
4	264	4	0
4	265	5	0
4	266	6	0
4	267	7	0
4	268	8	0
4	269	9	0
4	270	10	0
4	271	11	0
4	272	12	0
4	273	13	0
4	274	14	0
4	275	15	0
4	276	16	0
4	277	17	0
4	278	18	0
4	279	19	0
4	280	20	0
4	281	21	0
4	282	22	0
4	283	23	0
4	284	24	0
4	285	25	0
4	286	26	0
4	287	27	0
4	288	28	0
4	289	29	0
4	290	30	0
4	291	31	0
4	292	32	0
4	293	33	0
4	294	34	0
4	295	35	0
4	296	36	0
4	297	37	0
4	298	38	0
4	299	39	0
4	300	40	0
4	301	41	0
4	302	42	0
4	303	43	0
4	304	44	0
4	305	45	0
4	306	46	0
4	307	47	0
4	308	48	0
4	309	49	0
4	310	50	0
4	311	51	0
4	312	52	0
4	313	53	0
4	314	54	0
4	315	55	0
4	316	56	0
4	317	57	0
4	318	58	0
4	319	59	0
4	320	60	0
4	321	61	0
4	322	62	0
4	323	63	0
4	324	64	0
4	325	65	0
4	326	66	0
4	327	67	0
4	328	68	0
4	329	69	0
4	330	70	0
4	331	71	0
4	332	72	0
4	333	73	0
4	334	74	0
4	335	75	0
4	336	76	0
4	337	77	0
4	338	78	0
4	339	79	0
4	340	80	0
4	341	81	0
4	342	82	0
4	343	83	0
4	344	84	0
4	345	85	0
4	346	86	0
4	347	87	0
4	348	88	0
4	349	89	0
4	350	90	0
4	351	91	0
4	352	92	0
4	353	93	0
4	354	94	0
4	355	95	0
4	356	96	0
4	357	97	0
4	358	98	0
4	359	99	0
4	360	100	0
4	361	101	0
4	362	102	0
4	363	103	0
4	364	104	0
4	365	105	0
4	366	106	0
4	367	107	0
4	368	108	0
4	369	109	0
4	370	110	0
4	371	111	0
4	372	112	0
4	373	113	0
4	374	114	0
4	375	115	0
4	376	116	0
4	377	117	0
4	378	118	0
4	379	119	0
4	380	120	0
4	381	121	0
4	382	122	0
4	383	123	1
4	384	124	1
4	385	125	1
4	386	126	1
4	387	127	1
4	388	128	1
4	389	129	1
4	390	130	1
4	391	131	1
4	392	132	1
4	393	133	2
4	394	134	2
4	395	135	2
4	396	136	2
4	397	137	2
4	398	138	2
4	399	139	2
4	400	140	2
4	401	141	2
4	402	142	2
4	403	143	2
4	404	144	2
4	405	145	2
4	406	146	2
4	407	147	2
4	408	148	2
4	409	149	2
4	410	150	2
4	411	151	2
4	412	152	2
4	413	153	2
4	414	154	2
4	415	155	2
4	416	156	2
4	417	157	2
4	418	158	2
4	419	159	2
4	420	160	2
4	421	161	2
4	422	162	2
4	423	163	2
4	424	164	2
4	425	165	2
4	426	166	2
4	427	167	2
4	428	168	2
4	429	169	2
4	430	170	2
4	431	171	2
4	432	172	2
4	433	173	2
4	434	174	2
4	435	175	2
4	436	176	2
4	437	177	2
4	438	178	2
4	439	179	3
4	440	180	3
4	441	181	3
4	442	182	3
4	443	183	3
4	444	184	3
4	445	185	3
4	446	186	3
4	447	187	3
4	448	188	3
4	449	189	3
4	450	190	3
4	451	191	3
4	452	192	3
4	453	193	3
4	454	194	3
4	455	195	3
4	456	196	3
4	457	197	3
4	458	198	3
4	459	199	3
4	460	200	3
4	461	201	3
4	462	202	3
4	463	203	3
4	464	204	3
4	465	205	3
4	466	206	3
4	467	207	3
4	468	208	3
4	469	209	3
4	470	210	3
4	471	211	3
4	472	212	3
4	473	213	3
4	474	214	3
4	475	215	3
4	476	216	3
4	477	217	3
4	478	218	3
4	479	219	3
4	480	220	3
5	481	1	3
5	482	2	3
5	483	3	3
5	484	4	3
5	485	5	3
5	486	6	3
5	487	7	3
5	488	8	3
5	489	9	4
5	490	10	4
5	491	11	4
5	492	12	4
5	493	13	4
5	494	14	4
5	495	15	4
5	496	16	4
5	497	17	4
5	498	18	5
5	499	19	5
5	500	20	5
5	501	21	5
5	502	22	5
5	503	23	5
5	504	24	5
5	505	25	5
5	506	26	5
5	507	27	5
5	508	28	6
5	509	29	6
5	510	30	6
5	511	31	6
5	512	32	6
5	513	33	6
5	514	34	6
5	515	35	6
5	516	36	6
5	517	37	6
5	518	38	6
5	519	39	6
5	520	40	6
5	521	41	6
5	522	42	6
5	523	43	6
5	524	44	6
5	525	45	6
5	526	46	6
5	527	47	6
5	528	48	6
5	529	49	6
5	530	50	6
5	531	51	6
5	532	52	6
5	533	53	6
5	534	54	6
5	535	55	6
5	536	56	6
5	537	57	6
5	538	58	6
5	539	59	6
5	540	60	6
5	541	61	6
5	542	62	6
5	543	63	6
5	544	64	6
5	545	65	6
5	546	66	6
5	547	67	6
5	548	68	6
5	549	69	6
5	550	70	6
5	551	71	6
5	552	72	6
5	553	73	6
5	554	74	6
5	555	75	6
5	556	76	6
5	557	77	6
5	558	78	6
5	559	79	6
5	560	80	6
5	561	81	6
5	562	82	6
5	563	83	6
5	564	84	6
5	565	85	6
5	566	86	6
5	567	87	6
5	568	88	6
5	569	89	6
5	570	90	6
5	571	91	6
5	572	92	6
5	573	93	6
5	574	94	6
5	575	95	6
5	576	96	6
5	577	97	6
5	578	98	6
5	579	99	6
5	580	100	6
5	581	101	6
5	582	102	6
5	583	103	6
5	584	104	6
5	585	105	6
5	586	106	6
5	587	107	6
5	588	108	6
5	589	109	6
5	590	110	6
5	591	111	6
5	592	112	6
5	593	113	6
5	594	114	6
5	595	115	6
5	596	116	6
5	597	117	6
5	598	118	6
5	599	119	6
5	600	120	6
5	601	121	6
5	602	122	6
5	603	123	6
5	604	124	6
