exon	relative_pos_in_circle	relative_pos_in_exon	coverage
2	1	1	11
2	2	2	11
2	3	3	11
2	4	4	11
2	5	5	11
2	6	6	11
2	7	7	11
2	8	8	11
2	9	9	11
2	10	10	11
2	11	11	11
2	12	12	11
2	13	13	11
2	14	14	11
2	15	15	11
2	16	16	11
2	17	17	11
2	18	18	11
2	19	19	11
2	20	20	11
2	21	21	11
2	22	22	11
2	23	23	11
2	24	24	11
2	25	25	11
2	26	26	11
2	27	27	10
2	28	28	9
2	29	29	9
2	30	30	9
2	31	31	9
2	32	32	9
2	33	33	9
2	34	34	9
2	35	35	9
2	36	36	9
2	37	37	9
2	38	38	9
2	39	39	9
2	40	40	9
2	41	41	9
2	42	42	9
2	43	43	9
2	44	44	9
2	45	45	9
2	46	46	9
2	47	47	9
2	48	48	9
2	49	49	9
3	50	1	4
3	51	2	4
3	52	3	4
3	53	4	4
3	54	5	4
3	55	6	4
3	56	7	4
3	57	8	4
3	58	9	4
3	59	10	4
3	60	11	4
3	61	12	4
3	62	13	4
3	63	14	4
3	64	15	4
3	65	16	4
3	66	17	4
3	67	18	4
3	68	19	4
3	69	20	4
3	70	21	4
3	71	22	4
3	72	23	4
3	73	24	4
3	74	25	4
3	75	26	4
3	76	27	4
3	77	28	4
3	78	29	4
3	79	30	4
3	80	31	4
3	81	32	4
3	82	33	4
3	83	34	4
3	84	35	4
3	85	36	4
3	86	37	4
3	87	38	4
3	88	39	4
3	89	40	4
3	90	41	4
3	91	42	4
3	92	43	4
3	93	44	4
3	94	45	4
3	95	46	4
3	96	47	4
3	97	48	4
3	98	49	4
3	99	50	4
3	100	51	4
3	101	52	4
3	102	53	4
3	103	54	4
3	104	55	4
3	105	56	4
3	106	57	4
3	107	58	4
3	108	59	4
3	109	60	4
3	110	61	4
3	111	62	4
3	112	63	4
3	113	64	4
3	114	65	4
3	115	66	4
3	116	67	4
3	117	68	4
3	118	69	4
3	119	70	4
3	120	71	4
3	121	72	4
3	122	73	4
3	123	74	4
3	124	75	4
3	125	76	4
3	126	77	4
4	127	1	4
4	128	2	4
4	129	3	4
4	130	4	4
4	131	5	4
4	132	6	4
4	133	7	4
4	134	8	4
4	135	9	4
4	136	10	4
4	137	11	4
4	138	12	4
4	139	13	4
4	140	14	4
4	141	15	4
4	142	16	4
4	143	17	4
4	144	18	4
4	145	19	4
4	146	20	4
4	147	21	4
4	148	22	4
4	149	23	4
4	150	24	4
4	151	25	4
4	152	26	4
4	153	27	4
4	154	28	4
4	155	29	4
4	156	30	4
4	157	31	4
4	158	32	4
4	159	33	4
4	160	34	4
4	161	35	4
4	162	36	4
4	163	37	4
4	164	38	4
4	165	39	4
4	166	40	4
4	167	41	4
4	168	42	4
4	169	43	4
4	170	44	4
4	171	45	4
4	172	46	4
4	173	47	4
4	174	48	4
4	175	49	4
4	176	50	4
4	177	51	4
4	178	52	4
4	179	53	4
4	180	54	4
4	181	55	4
4	182	56	4
4	183	57	4
4	184	58	4
4	185	59	4
4	186	60	4
4	187	61	4
4	188	62	3
4	189	63	3
4	190	64	3
4	191	65	3
4	192	66	3
4	193	67	3
4	194	68	3
4	195	69	3
4	196	70	3
4	197	71	3
4	198	72	3
4	199	73	3
4	200	74	3
4	201	75	3
4	202	76	3
4	203	77	3
4	204	78	3
4	205	79	3
4	206	80	3
4	207	81	2
4	208	82	2
4	209	83	2
4	210	84	2
4	211	85	2
4	212	86	2
4	213	87	2
4	214	88	2
4	215	89	2
4	216	90	0
4	217	91	0
4	218	92	0
4	219	93	0
4	220	94	0
4	221	95	0
4	222	96	0
4	223	97	1
4	224	98	1
4	225	99	1
4	226	100	1
4	227	101	1
4	228	102	1
4	229	103	1
4	230	104	1
4	231	105	1
4	232	106	1
4	233	107	1
4	234	108	1
4	235	109	1
4	236	110	1
4	237	111	1
4	238	112	1
4	239	113	2
4	240	114	2
4	241	115	2
4	242	116	2
4	243	117	2
4	244	118	2
4	245	119	2
4	246	120	2
4	247	121	2
4	248	122	2
4	249	123	2
4	250	124	2
4	251	125	4
4	252	126	4
4	253	127	4
4	254	128	4
4	255	129	5
4	256	130	5
4	257	131	7
4	258	132	7
4	259	133	7
4	260	134	7
4	261	135	7
4	262	136	7
4	263	137	7
4	264	138	7
4	265	139	7
4	266	140	7
4	267	141	7
4	268	142	7
4	269	143	7
4	270	144	7
4	271	145	7
4	272	146	7
4	273	147	7
4	274	148	7
4	275	149	7
4	276	150	7
4	277	151	7
4	278	152	7
4	279	153	7
4	280	154	7
4	281	155	7
4	282	156	7
4	283	157	7
4	284	158	7
4	285	159	7
4	286	160	7
4	287	161	7
4	288	162	7
4	289	163	7
4	290	164	7
4	291	165	7
4	292	166	7
4	293	167	7
4	294	168	7
4	295	169	7
4	296	170	7
4	297	171	7
4	298	172	7
4	299	173	7
4	300	174	7
4	301	175	7
4	302	176	7
4	303	177	7
4	304	178	7
4	305	179	7
4	306	180	7
4	307	181	7
4	308	182	7
4	309	183	7
4	310	184	7
4	311	185	7
4	312	186	7
4	313	187	7
4	314	188	7
4	315	189	7
4	316	190	7
4	317	191	7
4	318	192	7
4	319	193	7
4	320	194	7
4	321	195	7
4	322	196	7
4	323	197	7
4	324	198	7
4	325	199	7
4	326	200	7
4	327	201	7
4	328	202	7
4	329	203	7
4	330	204	7
4	331	205	7
4	332	206	7
4	333	207	7
4	334	208	7
4	335	209	7
4	336	210	7
4	337	211	7
4	338	212	7
4	339	213	7
4	340	214	7
4	341	215	7
4	342	216	7
4	343	217	7
4	344	218	7
4	345	219	7
4	346	220	7
4	347	221	7
4	348	222	7
4	349	223	7
4	350	224	7
4	351	225	7
4	352	226	7
4	353	227	7
4	354	228	7
4	355	229	7
4	356	230	7
4	357	231	7
4	358	232	7
4	359	233	7
4	360	234	7
4	361	235	7
4	362	236	7
4	363	237	7
4	364	238	7
4	365	239	7
4	366	240	7
4	367	241	7
4	368	242	7
4	369	243	7
4	370	244	7
4	371	245	7
4	372	246	7
4	373	247	7
4	374	248	7
4	375	249	7
4	376	250	7
4	377	251	7
4	378	252	7
4	379	253	7
4	380	254	7
4	381	255	7
4	382	256	7
4	383	257	7
4	384	258	8
4	385	259	8
4	386	260	8
4	387	261	8
4	388	262	8
4	389	263	8
4	390	264	8
4	391	265	8
4	392	266	8
4	393	267	8
4	394	268	8
4	395	269	8
4	396	270	8
4	397	271	8
4	398	272	8
4	399	273	8
4	400	274	8
4	401	275	8
4	402	276	8
4	403	277	9
4	404	278	9
4	405	279	9
4	406	280	9
4	407	281	9
4	408	282	9
4	409	283	9
4	410	284	9
4	411	285	9
4	412	286	11
4	413	287	11
4	414	288	11
4	415	289	11
4	416	290	11
4	417	291	11
4	418	292	11
4	419	293	11
4	420	294	11
4	421	295	11
4	422	296	11
4	423	297	11
4	424	298	11
4	425	299	11
4	426	300	11
4	427	301	11
4	428	302	11
4	429	303	11
4	430	304	11
4	431	305	11
4	432	306	11
4	433	307	11
4	434	308	11
4	435	309	11
4	436	310	11
4	437	311	11
4	438	312	11
4	439	313	11
4	440	314	11
4	441	315	11
4	442	316	11
4	443	317	11
4	444	318	11
4	445	319	11
